3.930590000000000028e+00
2.966369999999999951e+00
3.444570000000000132e+00
2.731450000000000156e+00
3.979839999999999822e+00
2.631699999999999928e+00
3.679289999999999949e+00
2.298059999999999992e+00
2.118539999999999868e+00
3.035740000000000105e+00
2.565269999999999939e+00
4.817499999999999893e+00
3.060779999999999834e+00
4.751890000000000391e+00
2.837050000000000072e+00
4.585609999999999964e+00
3.035509999999999931e+00
2.203770000000000007e+00
4.359740000000000393e+00
3.343049999999999855e+00
4.372740000000000293e+00
5.671380000000000088e+00
2.114900000000000002e+00
2.540779999999999816e+00
4.420670000000000321e+00
2.977250000000000174e+00
4.478629999999999889e+00
3.331280000000000019e+00
2.286259999999999959e+00
2.551289999999999836e+00
