1.959719999999999906e+00
1.573769999999999891e+00
7.685389999999999944e+00
4.763700000000000045e+00
3.325699999999999878e+00
3.519800000000000040e+00
1.729689999999999950e+00
3.412220000000000031e+00
3.707089999999999996e+00
1.631480000000000041e+00
3.990159999999999929e+00
1.520389999999999908e+00
3.879669999999999952e+00
2.985380000000000145e+00
1.868120000000000003e+00
2.237769999999999815e+00
2.077360000000000095e+00
4.187700000000000422e+00
9.101910000000000167e+00
1.797190000000000065e+00
4.159379999999999633e+00
3.946919999999999984e+00
3.563419999999999810e+00
2.798290000000000166e+00
4.823809999999999931e+00
4.462010000000000254e+00
3.172180000000000000e+00
7.274790000000000312e+00
4.402540000000000120e+00
4.639199999999999768e+00
