/*--------------------------------*- C++ -*----------------------------------*\
  =========                 |
  \\      /  F ield         | OpenFOAM: The Open Source CFD Toolbox
   \\    /   O peration     | Website:  https://openfoam.org
    \\  /    A nd           | Version:  10
     \\/     M anipulation  |
\*---------------------------------------------------------------------------*/
FoamFile
{
    format      ascii;
    class       volScalarField;
    location    "0.1";
    object      gradTx;
}
// * * * * * * * * * * * * * * * * * * * * * * * * * * * * * * * * * * * * * //

dimensions      [0 -1 0 1 0 0 0];

internalField   nonuniform List<scalar> 
6400
(
0.0737795
0.22107
0.36783
0.513777
0.658516
0.801772
0.943196
1.0825
1.21939
1.35361
1.48491
1.61303
1.73778
1.85891
1.97635
2.08985
2.19923
2.3045
2.40545
2.50199
2.59415
2.68177
2.76474
2.84312
2.91696
2.98617
3.05065
3.11041
3.1655
3.216
3.26191
3.30318
3.33979
3.37174
3.39907
3.42181
3.44
3.45366
3.46279
3.46739
3.46743
3.46291
3.4538
3.44009
3.42179
3.39888
3.37137
3.3393
3.30266
3.26146
3.21565
3.16521
3.11009
3.05026
2.98575
2.91659
2.84281
2.76443
2.68145
2.59387
2.50174
2.40517
2.30424
2.19903
2.08964
1.97615
1.85874
1.7376
1.6129
1.4848
1.35348
1.21928
1.08244
0.94313
0.801708
0.658462
0.513733
0.367799
0.221046
0.0737845
0.0737863
0.221213
0.368134
0.51418
0.659047
0.802419
0.943943
1.08335
1.22035
1.35467
1.48605
1.61425
1.73909
1.86029
1.97778
2.09138
2.20081
2.30609
2.40712
2.50374
2.59592
2.68354
2.76655
2.84499
2.91886
2.98808
3.05256
3.11233
3.16745
3.21797
3.26388
3.30516
3.34177
3.37372
3.40106
3.42381
3.442
3.45567
3.4648
3.4694
3.46944
3.46492
3.45581
3.4421
3.42378
3.40087
3.37336
3.34128
3.30463
3.26343
3.21762
3.16717
3.11202
3.05218
2.98764
2.91846
2.84466
2.76626
2.68324
2.59562
2.50345
2.40684
2.30587
2.20061
2.09114
1.9776
1.86013
1.73891
1.61413
1.48594
1.35453
1.22023
1.08329
0.943876
0.802361
0.659013
0.514155
0.368089
0.221211
0.0738405
0.0739105
0.221586
0.368729
0.515002
0.660114
0.803714
0.945446
1.08505
1.22225
1.35678
1.48835
1.61667
1.74168
1.86309
1.9807
2.09437
2.20394
2.30936
2.41048
2.50718
2.59942
2.68711
2.7702
2.8487
2.92262
2.99187
3.05638
3.11619
3.17134
3.22189
3.26783
3.30912
3.34574
3.3777
3.40504
3.4278
3.44601
3.45968
3.46881
3.47341
3.47345
3.46893
3.45982
3.4461
3.42778
3.40485
3.37733
3.34524
3.30859
3.26737
3.22154
3.17106
3.11589
3.056
2.99143
2.92221
2.84837
2.76992
2.68683
2.59913
2.50688
2.41019
2.30913
2.20376
2.09416
1.98049
1.8629
1.74153
1.61656
1.48822
1.35665
1.22214
1.08499
0.945362
0.803643
0.660076
0.514993
0.368695
0.221564
0.0739555
0.0741006
0.222113
0.369595
0.516268
0.661735
0.805622
0.947673
1.08764
1.22515
1.35992
1.49176
1.62037
1.74561
1.86724
1.98505
2.0989
2.20865
2.31425
2.41552
2.51233
2.60468
2.69249
2.77568
2.85427
2.92825
2.99756
3.06213
3.12198
3.17719
3.22777
3.27374
3.31505
3.35169
3.38367
3.41103
3.4338
3.45201
3.46569
3.47483
3.47943
3.47947
3.47494
3.46583
3.45211
3.43377
3.41083
3.3833
3.35119
3.31452
3.27328
3.22742
3.17691
3.12169
3.06175
2.99712
2.92784
2.85393
2.77539
2.69221
2.6044
2.51203
2.41521
2.31401
2.20848
2.0987
1.98484
1.86705
1.74546
1.62023
1.49163
1.35982
1.22503
1.08756
0.947615
0.805567
0.661658
0.516238
0.369601
0.222105
0.0741313
0.0743438
0.222848
0.370812
0.51793
0.663847
0.808204
0.950687
1.09107
1.22899
1.36412
1.49631
1.62531
1.75085
1.87276
1.99085
2.10496
2.21496
2.32078
2.42222
2.5192
2.61171
2.69966
2.78299
2.86169
2.93576
3.00514
3.06979
3.12971
3.18498
3.23561
3.28162
3.32296
3.35962
3.39163
3.419
3.44179
3.46002
3.4737
3.48285
3.48745
3.4875
3.48297
3.47384
3.46011
3.44176
3.41881
3.39126
3.35913
3.32243
3.28116
3.23527
3.1847
3.12942
3.06941
3.00471
2.93535
2.86135
2.7827
2.69938
2.61143
2.51891
2.42192
2.32053
2.21478
2.10476
1.99064
1.87259
1.7507
1.62514
1.49619
1.36404
1.22886
1.09099
0.950637
0.808147
0.663789
0.517911
0.370798
0.222821
0.0743672
0.0746285
0.223745
0.372338
0.52002
0.666484
0.811436
0.954482
1.09535
1.23378
1.36939
1.50203
1.63147
1.75741
1.87967
1.99811
2.11255
2.22284
2.32893
2.43061
2.5278
2.6205
2.70864
2.79213
2.87097
2.94515
3.01463
3.07937
3.13938
3.19472
3.24541
3.29146
3.33284
3.36954
3.40157
3.42897
3.45178
3.47002
3.48372
3.49287
3.49748
3.49752
3.49299
3.48386
3.47012
3.45175
3.42878
3.4012
3.36905
3.33232
3.29101
3.24507
3.19444
3.13909
3.079
3.01421
2.94475
2.87063
2.79184
2.70836
2.62022
2.52751
2.43031
2.32868
2.22265
2.11234
1.99791
1.87951
1.75726
1.6313
1.50191
1.36931
1.23365
1.09528
0.954413
0.811372
0.666449
0.519997
0.372301
0.223722
0.0746637
0.0749842
0.224822
0.374142
0.522539
0.669684
0.815312
0.959036
1.10051
1.23953
1.37574
1.50892
1.63887
1.76529
1.88799
2.00684
2.12167
2.23232
2.33871
2.44068
2.53812
2.63107
2.71943
2.8031
2.8821
2.95642
3.02603
3.09088
3.15099
3.20641
3.25718
3.30328
3.34471
3.38145
3.41351
3.44094
3.46377
3.48203
3.49574
3.5049
3.50951
3.50956
3.50502
3.49588
3.48212
3.46374
3.44074
3.41314
3.38095
3.34419
3.30283
3.25683
3.20613
3.15069
3.09051
3.0256
2.95602
2.88176
2.80281
2.71913
2.63079
2.53785
2.44039
2.33846
2.23212
2.12146
2.00664
1.88783
1.76514
1.6387
1.5088
1.37565
1.23941
1.10044
0.958946
0.815249
0.669652
0.522506
0.374111
0.224811
0.0750216
0.0754189
0.226099
0.376235
0.525477
0.673449
0.819846
0.964342
1.10655
1.24626
1.38316
1.51698
1.64751
1.77449
1.89771
2.01705
2.13233
2.24338
2.35014
2.45244
2.55019
2.64342
2.73202
2.81591
2.89509
2.96958
3.03933
3.10431
3.16454
3.22005
3.2709
3.31707
3.35855
3.39533
3.42744
3.4549
3.47775
3.49604
3.50976
3.51893
3.52355
3.52359
3.51905
3.5099
3.49613
3.47772
3.4547
3.42706
3.39484
3.35803
3.31662
3.27055
3.21977
3.16423
3.10394
3.03891
2.96919
2.89476
2.81561
2.73172
2.64313
2.54993
2.45216
2.34989
2.24318
2.13212
2.01685
1.89755
1.77434
1.64736
1.51685
1.38307
1.24616
1.10648
0.964253
0.819789
0.673406
0.525445
0.376226
0.226084
0.0754414
0.0759162
0.22757
0.378643
0.52884
0.677767
0.825048
0.970412
1.11348
1.25399
1.39167
1.52621
1.65741
1.78503
1.90885
2.02875
2.14453
2.25605
2.36322
2.4659
2.564
2.65754
2.74642
2.83056
2.90995
2.98463
3.05455
3.11967
3.18002
3.23565
3.28658
3.33283
3.37437
3.41121
3.44336
3.47085
3.49374
3.51204
3.52578
3.53496
3.53958
3.53963
3.53508
3.52592
3.51213
3.4937
3.47065
3.44298
3.41071
3.37386
3.33238
3.28624
3.23537
3.17972
3.11929
3.05413
2.98424
2.90963
2.83026
2.74612
2.65725
2.56374
2.46564
2.36298
2.25583
2.14432
2.02856
1.90868
1.78488
1.65727
1.52608
1.39156
1.25389
1.11341
0.970338
0.824996
0.677709
0.528816
0.378647
0.227542
0.0759244
0.0764623
0.229221
0.381381
0.53264
0.682633
0.830926
0.977264
1.1213
1.26271
1.40126
1.53662
1.66859
1.79692
1.92141
2.04193
2.15829
2.27032
2.37797
2.48107
2.57957
2.67346
2.76265
2.84705
2.92668
3.00157
3.07167
3.13696
3.19745
3.25319
3.30423
3.35056
3.39217
3.42906
3.46126
3.4888
3.51171
3.53004
3.5438
3.55299
3.55762
3.55766
3.55311
3.54394
3.53013
3.51168
3.48859
3.46088
3.42857
3.39166
3.35012
3.30389
3.25291
3.19714
3.13658
3.07125
3.00119
2.92637
2.84675
2.76233
2.67316
2.57931
2.48082
2.37772
2.2701
2.15808
2.04175
1.92125
1.79676
1.66845
1.53649
1.40115
1.26262
1.12122
0.977204
0.830872
0.682564
0.532621
0.38138
0.229189
0.0764714
0.0770611
0.231052
0.384447
0.536885
0.688047
0.837484
0.984913
1.13001
1.27245
1.41195
1.54822
1.68104
1.81018
1.93541
2.05662
2.17361
2.28621
2.39438
2.49796
2.59689
2.69116
2.78069
2.8654
2.94529
3.02041
3.09072
3.15618
3.21683
3.2727
3.32384
3.37026
3.41195
3.44891
3.48115
3.50873
3.53168
3.55004
3.56381
3.57302
3.57765
3.5777
3.57314
3.56395
3.55013
3.53165
3.50853
3.48078
3.44841
3.41144
3.36983
3.32351
3.27242
3.21651
3.1558
3.0903
3.02004
2.94499
2.8651
2.78037
2.69086
2.59664
2.49772
2.39414
2.28598
2.1734
2.05645
1.93525
1.81001
1.68091
1.54809
1.41184
1.27234
1.12993
0.98486
0.837426
0.68798
0.536866
0.384432
0.231028
0.077083
0.0777262
0.233073
0.387834
0.541581
0.694024
0.844729
0.99337
1.13964
1.2832
1.42375
1.56103
1.69478
1.8248
1.95086
2.07283
2.1905
2.30374
2.41248
2.51658
2.61598
2.71067
2.80057
2.8856
2.96578
3.04115
3.11168
3.17734
3.23815
3.29416
3.34542
3.39194
3.43371
3.47073
3.50304
3.53066
3.55365
3.57203
3.58583
3.59504
3.59968
3.59973
3.59516
3.58596
3.57212
3.55361
3.53045
3.50266
3.47024
3.4332
3.39151
3.34509
3.29388
3.23783
3.17695
3.11127
3.04079
2.96549
2.88531
2.80025
2.71036
2.61573
2.51635
2.41224
2.3035
2.19029
2.07266
1.9507
1.82464
1.69466
1.5609
1.42364
1.28309
1.13956
0.993319
0.844668
0.693966
0.541559
0.387807
0.233062
0.0777595
0.0784679
0.235296
0.39154
0.546731
0.700576
0.852669
1.00265
1.1502
1.29498
1.43669
1.57505
1.70984
1.84082
1.96777
2.09056
2.20898
2.3229
2.43227
2.53694
2.63685
2.73199
2.82229
2.90767
2.98817
3.06381
3.13457
3.20044
3.26142
3.31758
3.36897
3.41559
3.45744
3.49454
3.52691
3.55458
3.5776
3.59601
3.60983
3.61906
3.62371
3.62375
3.61918
3.60997
3.5961
3.57757
3.55437
3.52653
3.49405
3.45694
3.41517
3.36864
3.3173
3.2611
3.20004
3.13416
3.06345
2.98788
2.90738
2.82196
2.73168
2.6366
2.53671
2.43204
2.32267
2.20876
2.09039
1.96761
1.84066
1.70972
1.57493
1.43658
1.29486
1.15011
1.00259
0.852608
0.700532
0.546707
0.391507
0.235291
0.0785014
0.0792873
0.237724
0.395566
0.552341
0.70772
0.861317
1.01275
1.16169
1.30779
1.45076
1.59032
1.72622
1.85824
1.98615
2.10983
2.22907
2.34373
2.45377
2.55905
2.6595
2.75513
2.84586
2.93162
3.01244
3.08838
3.15939
3.22548
3.28665
3.34297
3.39448
3.44121
3.48316
3.52033
3.55276
3.58049
3.60355
3.62199
3.63583
3.64507
3.64973
3.64977
3.64519
3.63597
3.62208
3.60351
3.58027
3.55238
3.51985
3.48267
3.4408
3.39417
3.34269
3.28632
3.22508
3.15898
3.08803
3.01216
2.93133
2.84553
2.75482
2.65925
2.55883
2.45354
2.3435
2.22884
2.10966
1.98599
1.85808
1.7261
1.5902
1.45066
1.30768
1.1616
1.01269
0.861258
0.707683
0.552314
0.395538
0.23772
0.0793097
0.0801786
0.24036
0.399922
0.558416
0.715465
0.870686
1.02369
1.17413
1.32167
1.46599
1.60683
1.74394
1.87708
2.00603
2.13066
2.25077
2.36622
2.47699
2.58292
2.68395
2.7801
2.87128
2.95745
3.03863
3.11487
3.18615
3.25246
3.31383
3.37032
3.42197
3.46881
3.51086
3.54811
3.5806
3.60838
3.63149
3.64996
3.66382
3.67308
3.67773
3.67778
3.67319
3.66395
3.65004
3.63144
3.60816
3.58022
3.54762
3.51037
3.46841
3.42166
3.37004
3.3135
3.25206
3.18574
3.11452
3.03835
2.95716
2.87095
2.77979
2.6837
2.58269
2.47677
2.366
2.25055
2.13048
2.00587
1.87691
1.74382
1.60672
1.4659
1.32156
1.17404
1.02363
0.870626
0.71543
0.558389
0.399904
0.240351
0.0801861
0.0811358
0.243203
0.404622
0.564968
0.723822
0.880788
1.03548
1.18753
1.33661
1.4824
1.62462
1.76302
1.89736
2.02742
2.15306
2.2741
2.39041
2.50194
2.60857
2.71022
2.80691
2.89858
2.98517
3.06672
3.14328
3.21485
3.2814
3.34298
3.39963
3.45143
3.49839
3.54054
3.57787
3.61043
3.63826
3.66141
3.67991
3.69379
3.70307
3.70773
3.70778
3.70318
3.69393
3.67999
3.66136
3.63804
3.61005
3.57739
3.54005
3.49799
3.45112
3.39936
3.34265
3.281
3.21444
3.14295
3.06645
2.98488
2.89825
2.8066
2.70996
2.60834
2.50173
2.3902
2.27389
2.15289
2.02726
1.89719
1.7629
1.62451
1.48231
1.33651
1.18745
1.03542
0.880727
0.723782
0.564941
0.404613
0.243189
0.0811322
0.0821569
0.246255
0.409678
0.572006
0.7328
0.891637
1.04814
1.20193
1.35266
1.50001
1.6437
1.78348
1.9191
2.05034
2.17706
2.2991
2.4163
2.52865
2.63601
2.73831
2.83558
2.92776
3.01479
3.09674
3.17364
3.2455
3.3123
3.37408
3.43092
3.48286
3.52995
3.5722
3.60961
3.64224
3.67012
3.69331
3.71185
3.72575
3.73504
3.73971
3.73976
3.73516
3.72589
3.71193
3.69327
3.66991
3.64185
3.60913
3.57172
3.52956
3.48257
3.43065
3.37375
3.31189
3.24509
3.17331
3.09647
3.01451
2.92743
2.83528
2.73806
2.63577
2.52843
2.4161
2.29888
2.17689
2.05018
1.91892
1.78335
1.64359
1.49992
1.35256
1.20184
1.04808
0.891575
0.732754
0.57198
0.409674
0.24624
0.0821498
0.0832443
0.249521
0.415098
0.579543
0.742409
0.903249
1.06168
1.21732
1.36982
1.51884
1.6641
1.80534
1.94232
2.0748
2.20268
2.32576
2.44392
2.55713
2.66525
2.76824
2.86612
2.95883
3.04633
3.12868
3.20594
3.2781
3.34516
3.40716
3.46418
3.51628
3.56349
3.60584
3.64334
3.67603
3.70397
3.7272
3.74577
3.75969
3.769
3.77367
3.77372
3.76911
3.75983
3.74585
3.72716
3.70375
3.67565
3.64285
3.60536
3.5631
3.51598
3.46391
3.40682
3.34475
3.27769
3.20561
3.12842
3.04604
2.9585
2.86582
2.76799
2.66501
2.55691
2.44373
2.32556
2.20251
2.07465
1.94214
1.8052
1.66399
1.51874
1.36972
1.21724
1.06163
0.903186
0.742358
0.579517
0.415093
0.249508
0.0832403
0.084403
0.253009
0.42089
0.587588
0.752663
0.915639
1.07613
1.23374
1.38811
1.53891
1.68583
1.82862
1.96704
2.10085
2.22994
2.35412
2.47329
2.5874
2.69632
2.80003
2.89854
2.9918
3.07979
3.16256
3.24018
3.31266
3.37998
3.44221
3.49941
3.55166
3.59901
3.64146
3.67904
3.71181
3.7398
3.76307
3.78166
3.79561
3.80493
3.80961
3.80966
3.80505
3.79575
3.78175
3.76302
3.73957
3.71142
3.67856
3.64098
3.59863
3.55138
3.49914
3.44187
3.37957
3.31225
3.23987
3.16231
3.0795
2.99148
2.89825
2.79979
2.69607
2.58717
2.4731
2.35392
2.22976
2.10071
1.96686
1.82849
1.68572
1.53881
1.38802
1.23366
1.07608
0.915578
0.752611
0.587564
0.42088
0.252997
0.0844051
0.0856382
0.256724
0.427059
0.596154
0.763577
0.928827
1.09151
1.25121
1.40757
1.56025
1.70893
1.85335
1.99328
2.12849
2.25886
2.38421
2.50442
2.61947
2.72924
2.83369
2.93285
3.02669
3.11519
3.1984
3.27639
3.34918
3.41678
3.47923
3.53662
3.58903
3.6365
3.67906
3.71673
3.74956
3.7776
3.80091
3.81954
3.83351
3.84284
3.84753
3.84757
3.84295
3.83364
3.81962
3.80086
3.77738
3.74917
3.71624
3.67859
3.63613
3.58876
3.53636
3.47889
3.41636
3.34878
3.27608
3.19814
3.1149
3.02637
2.93258
2.83346
2.72898
2.61923
2.50424
2.38401
2.25868
2.12836
1.99312
1.85322
1.70882
1.56015
1.40748
1.25114
1.09146
0.928768
0.763526
0.596133
0.427043
0.256713
0.0856458
0.0869537
0.260672
0.433614
0.605256
0.775168
0.942832
1.10783
1.26976
1.42822
1.58288
1.73341
1.87956
2.02109
2.15776
2.28947
2.41603
2.53734
2.65337
2.76402
2.86924
2.96908
3.06352
3.15253
3.23619
3.31456
3.38768
3.45555
3.51823
3.57582
3.62838
3.67598
3.71864
3.75639
3.78928
3.81738
3.84073
3.85938
3.87337
3.88271
3.88741
3.88746
3.88283
3.87351
3.85946
3.84068
3.81715
3.78889
3.75591
3.71817
3.67561
3.62811
3.57556
3.51789
3.45513
3.38728
3.31426
3.23594
3.15224
3.06319
2.96882
2.86902
2.76376
2.65313
2.53716
2.41583
2.28929
2.15764
2.02092
1.87943
1.73331
1.58278
1.42813
1.26968
1.10779
0.942776
0.775121
0.605237
0.433591
0.260661
0.0869646
0.0883521
0.264859
0.440562
0.614907
0.787457
0.957678
1.12513
1.2894
1.45008
1.60683
1.75932
1.90728
2.05048
2.18869
2.32179
2.44963
2.57208
2.68913
2.80068
2.9067
3.00725
3.10229
3.19184
3.27595
3.35472
3.42816
3.49631
3.55922
3.617
3.66972
3.71744
3.7602
3.79803
3.83099
3.85913
3.88252
3.9012
3.9152
3.92455
3.92926
3.9293
3.92467
3.91534
3.90128
3.88247
3.8589
3.83059
3.79755
3.75973
3.71708
3.66946
3.61674
3.55888
3.49589
3.42776
3.35442
3.27571
3.19154
3.10196
3.00698
2.90649
2.80042
2.68888
2.5719
2.44943
2.32161
2.18857
2.05032
1.90715
1.75922
1.60673
1.45
1.28933
1.12509
0.957624
0.787413
0.61489
0.440535
0.264848
0.0883635
0.0898351
0.269292
0.447915
0.625126
0.800464
0.973388
1.14343
1.31017
1.47319
1.63214
1.78667
1.93654
2.08149
2.22131
2.35587
2.48502
2.60866
2.72676
2.83924
2.94609
3.04736
3.14303
3.23312
3.31769
3.39685
3.47063
3.53906
3.6022
3.66016
3.71304
3.76088
3.80373
3.84164
3.87466
3.90285
3.92627
3.94497
3.95899
3.96836
3.97306
3.97311
3.96847
3.95913
3.94505
3.92622
3.90262
3.87427
3.84116
3.80327
3.76052
3.71278
3.65991
3.60186
3.53863
3.47023
3.39657
3.31746
3.23282
3.14269
3.0471
2.94589
2.83899
2.72651
2.60848
2.48482
2.35568
2.22119
2.08133
1.93641
1.78658
1.63203
1.47311
1.3101
1.14339
0.973334
0.800423
0.62511
0.447889
0.269283
0.0898453
0.0914046
0.273978
0.455688
0.635929
0.814212
0.989987
1.16276
1.3321
1.49758
1.65883
1.81552
1.96737
2.11415
2.25564
2.39172
2.52224
2.6471
2.7663
2.87974
2.98744
3.08944
3.18575
3.27638
3.36143
3.44099
3.5151
3.5838
3.64717
3.70532
3.75834
3.8063
3.84925
3.88723
3.9203
3.94853
3.97198
3.99071
4.00474
4.01411
4.01882
4.01887
4.01423
4.00488
3.99079
3.97193
3.9483
3.91991
3.88675
3.84879
3.80595
3.75809
3.70507
3.64683
3.58337
3.5147
3.44071
3.36121
3.27609
3.18541
3.08918
2.98725
2.87949
2.76605
2.64694
2.52204
2.39153
2.25553
2.11399
1.96724
1.81542
1.65872
1.49749
1.33202
1.16272
0.989932
0.814174
0.635913
0.455664
0.273972
0.0914126
0.0930629
0.278928
0.463896
0.647336
0.828726
1.0075
1.18315
1.35523
1.52328
1.68695
1.84588
1.99982
2.1485
2.29173
2.42938
2.56132
2.68744
2.80776
2.92219
3.03075
3.13351
3.23047
3.32166
3.40718
3.48713
3.56157
3.63054
3.69414
3.75246
3.80563
3.8537
3.89674
3.93479
3.96791
3.99617
4.01965
4.03839
4.05244
4.06182
4.06653
4.06658
4.06194
4.05258
4.03847
4.0196
3.99595
3.96751
3.9343
3.89628
3.85336
3.80539
3.75223
3.6938
3.63011
3.56117
3.48686
3.40696
3.32137
3.23012
3.13325
3.03057
2.92195
2.80751
2.68728
2.56112
2.42919
2.29162
2.14834
1.99969
1.84579
1.68684
1.5232
1.35515
1.18311
1.00745
0.828688
0.64732
0.463876
0.278926
0.0930683
0.0948133
0.284151
0.472555
0.659368
0.84403
1.02597
1.20464
1.37958
1.55034
1.71653
1.87781
2.03391
2.18458
2.32961
2.46889
2.60229
2.72972
2.85118
2.96662
3.07606
3.17958
3.2772
3.36895
3.45494
3.53529
3.61005
3.6793
3.74311
3.80161
3.85491
3.90309
3.9462
3.98431
4.01747
4.04577
4.06927
4.08803
4.10208
4.11146
4.11618
4.11623
4.11158
4.10222
4.08811
4.06922
4.04554
4.01708
3.98383
3.94575
3.90275
3.85468
3.80138
3.74277
3.67886
3.60965
3.53502
3.45474
3.36866
3.27685
3.17932
3.07589
2.96638
2.85094
2.72956
2.60209
2.4687
2.32951
2.18442
2.03378
1.87772
1.71642
1.55025
1.3795
1.20459
1.02591
0.843992
0.659351
0.472539
0.284152
0.0948154
0.0966591
0.289659
0.481682
0.672048
0.860151
1.04541
1.22725
1.4052
1.57878
1.74762
1.91135
2.0697
2.22243
2.36933
2.51029
2.64519
2.77395
2.89659
3.01306
3.1234
3.22769
3.32596
3.41827
3.50473
3.58547
3.66056
3.73006
3.79408
3.85275
3.90617
3.95445
3.99764
4.03579
4.069
4.09732
4.12083
4.1396
4.15366
4.16305
4.16776
4.16781
4.16316
4.1538
4.13968
4.12079
4.09709
4.06861
4.03532
3.99719
3.95412
3.90595
3.85252
3.79375
3.72963
3.66016
3.58521
3.50454
3.41799
3.32561
3.22743
3.12322
3.01282
2.89635
2.7738
2.645
2.5101
2.36922
2.22227
2.06958
1.91126
1.74751
1.5787
1.40512
1.2272
1.04535
0.860114
0.672028
0.48167
0.289661
0.0966573
0.0986042
0.295463
0.491296
0.685398
0.877121
1.06586
1.25103
1.43212
1.60867
1.78025
1.94654
2.10723
2.26209
2.41091
2.55361
2.69005
2.82017
2.94401
3.06153
3.17278
3.27784
3.37678
3.46965
3.55657
3.63769
3.71309
3.78284
3.84706
3.90588
3.95943
4.00779
4.05104
4.08924
4.12247
4.15081
4.17434
4.19311
4.20717
4.21655
4.22127
4.22132
4.21667
4.20731
4.19319
4.17429
4.15059
4.12208
4.08876
4.05059
4.00746
3.95921
3.90567
3.84674
3.78241
3.71269
3.63743
3.55638
3.46937
3.37643
3.27758
3.1726
3.0613
2.94377
2.82003
2.68986
2.55342
2.41082
2.26193
2.10711
1.94645
1.78016
1.60859
1.43204
1.25098
1.0658
0.877084
0.685376
0.491286
0.295464
0.0985975
0.100652
0.301574
0.501416
0.699444
0.89497
1.08737
1.27602
1.4604
1.64003
1.81449
1.98343
2.14654
2.30361
2.45442
2.59889
2.73691
2.86844
2.99349
3.11207
3.22423
3.33007
3.42967
3.52309
3.61047
3.69196
3.76766
3.83765
3.90206
3.96102
4.01467
4.06311
4.10641
4.14464
4.17789
4.20624
4.22977
4.24854
4.2626
4.27198
4.2767
4.27674
4.2721
4.26274
4.24862
4.22973
4.20602
4.1775
4.14417
4.10596
4.06278
4.01446
3.96082
3.90174
3.83722
3.76726
3.6917
3.61029
3.52282
3.42933
3.32982
3.22406
3.11184
2.99325
2.8683
2.73673
2.59871
2.45433
2.30345
2.14642
1.98334
1.8144
1.63996
1.46033
1.27597
1.08731
0.894934
0.699421
0.501407
0.301573
0.10064
0.102807
0.308006
0.512062
0.714216
0.913733
1.10996
1.30226
1.49009
1.67294
1.85039
2.02207
2.1877
2.34704
2.49989
2.64619
2.78583
2.91877
3.04506
3.16471
3.27778
3.3844
3.48465
3.57861
3.66644
3.7483
3.82428
3.8945
3.95907
4.01816
4.0719
4.1204
4.16374
4.202
4.23526
4.26361
4.28713
4.30589
4.31994
4.32932
4.33403
4.33408
4.32944
4.32008
4.30598
4.28708
4.26339
4.23487
4.20152
4.16329
4.12008
4.0717
4.01797
3.95876
3.89407
3.82387
3.74803
3.66626
3.57835
3.48431
3.38415
3.27761
3.16447
3.04482
2.91863
2.78564
2.64601
2.4998
2.34688
2.18758
2.02199
1.85029
1.67287
1.49002
1.30222
1.10991
0.913698
0.714192
0.512054
0.308
0.102789
0.105073
0.31477
0.523257
0.729744
0.93345
1.1337
1.32981
1.52123
1.70744
1.88799
2.06252
2.23074
2.39243
2.54739
2.69555
2.83683
2.97121
3.09875
3.21947
3.33346
3.44085
3.54174
3.63624
3.7245
3.8067
3.88295
3.95337
4.01811
4.07731
4.13112
4.17967
4.22303
4.26129
4.29455
4.32289
4.3464
4.36515
4.37919
4.38856
4.39326
4.39331
4.38867
4.37933
4.36524
4.34636
4.32268
4.29417
4.26082
4.22258
4.17935
4.13092
4.07712
4.0178
3.95295
3.88254
3.80643
3.72432
3.63598
3.54141
3.4406
3.3333
3.21924
3.09851
2.97107
2.83665
2.69537
2.54729
2.39227
2.23063
2.06244
1.8879
1.70737
1.52116
1.32977
1.13364
0.933417
0.729719
0.52325
0.31476
0.105049
0.107455
0.321881
0.535026
0.746062
0.954163
1.15861
1.35872
1.55389
1.74359
1.92736
2.10484
2.27574
2.43984
2.59695
2.74701
2.88997
3.0258
3.1546
3.2764
3.39129
3.49945
3.60097
3.69598
3.78466
3.86718
3.94368
4.01429
4.07916
4.13845
4.19233
4.2409
4.28427
4.32253
4.35577
4.3841
4.40758
4.42631
4.44033
4.44969
4.45438
4.45443
4.4498
4.44047
4.4264
4.40754
4.38388
4.35539
4.32206
4.28383
4.24058
4.19213
4.13827
4.07887
4.01388
3.94328
3.86691
3.78448
3.69573
3.60065
3.49921
3.39114
3.27617
3.15437
3.02567
2.88979
2.74683
2.59686
2.43968
2.27563
2.10477
1.92727
1.74352
1.55382
1.35868
1.15856
0.95413
0.746038
0.535019
0.321868
0.107427
0.109958
0.329357
0.547395
0.763207
0.975916
1.18477
1.38904
1.58812
1.78145
1.96857
2.1491
2.32276
2.48933
2.64864
2.80064
2.94529
3.0826
3.21265
3.33552
3.45132
3.56022
3.66236
3.75786
3.84693
3.92975
4.00649
4.07726
4.14224
4.20161
4.25552
4.3041
4.34746
4.3857
4.41892
4.44721
4.47066
4.48936
4.50336
4.51269
4.51738
4.51743
4.51281
4.50349
4.48945
4.47062
4.44699
4.41854
4.38523
4.34702
4.30378
4.25532
4.20143
4.14196
4.07685
4.00608
3.92949
3.84675
3.75762
3.66204
3.55999
3.45117
3.3353
3.21242
3.08247
2.94511
2.80046
2.64855
2.48917
2.32264
2.14902
1.96848
1.78138
1.58806
1.38901
1.18472
0.975885
0.763184
0.547391
0.329341
0.109926
0.112589
0.337215
0.560396
0.78122
0.998759
1.21222
1.42085
1.624
1.8211
2.01168
2.19536
2.37186
2.54096
2.70251
2.85649
3.00285
3.14163
3.27295
3.39688
3.51356
3.6232
3.72592
3.8219
3.91133
3.99443
4.07137
4.14228
4.20735
4.26676
4.32069
4.36926
4.4126
4.4508
4.48397
4.51221
4.53563
4.55429
4.56826
4.57757
4.58225
4.58229
4.57768
4.56839
4.55437
4.53559
4.51201
4.4836
4.45033
4.41216
4.36894
4.32049
4.26659
4.20707
4.14188
4.07097
3.99417
3.91116
3.82165
3.72561
3.62296
3.51342
3.39666
3.27272
3.14151
3.00268
2.85631
2.70242
2.54081
2.37174
2.19528
2.01159
1.82103
1.62393
1.42081
1.21218
0.99873
0.781198
0.560393
0.337198
0.112555
0.115353
0.345475
0.574061
0.800145
1.02275
1.24103
1.4542
1.66159
1.86261
2.05677
2.24369
2.4231
2.5948
2.75864
2.91461
3.0627
3.20296
3.33553
3.46051
3.57806
3.6884
3.79169
3.8881
3.97788
4.06123
4.13833
4.20936
4.27449
4.33392
4.38783
4.43638
4.47966
4.51781
4.55092
4.57911
4.60247
4.62108
4.63501
4.6443
4.64896
4.649
4.64441
4.63514
4.62117
4.60243
4.5789
4.55055
4.51735
4.47923
4.43606
4.38764
4.33375
4.27422
4.20896
4.13794
4.06096
3.9777
3.88786
3.79137
3.68817
3.57792
3.4603
3.33531
3.20284
3.06253
2.91444
2.75855
2.59465
2.42299
2.24362
2.05668
1.86254
1.66152
1.45417
1.24099
1.02272
0.800125
0.574061
0.345459
0.115319
0.11826
0.35416
0.588426
0.820031
1.04794
1.27126
1.48917
1.70097
1.90605
2.10391
2.29418
2.47658
2.65092
2.81709
2.97507
3.12489
3.26663
3.40044
3.52645
3.64484
3.75585
3.85968
3.9565
4.04658
4.13014
4.20739
4.27849
4.34365
4.40308
4.45696
4.50544
4.54866
4.58673
4.61977
4.64788
4.67117
4.68973
4.70361
4.71287
4.71752
4.71756
4.71298
4.70375
4.68981
4.67114
4.64768
4.6194
4.58628
4.54823
4.50513
4.45677
4.40291
4.34339
4.27811
4.207
4.12988
4.04641
3.95627
3.85937
3.75563
3.64471
3.52624
3.40022
3.26651
3.12473
2.9749
2.817
2.65078
2.47647
2.29411
2.10382
1.90598
1.70091
1.48914
1.27122
1.04791
0.820013
0.588428
0.354146
0.118225
0.121317
0.363295
0.603531
0.840931
1.0744
1.30299
1.52585
1.74223
1.95152
2.15321
2.34691
2.53237
2.70941
2.87792
3.03794
3.18949
3.33269
3.46772
3.59473
3.71394
3.82559
3.92991
4.02711
4.11745
4.20119
4.27854
4.34969
4.41485
4.47424
4.52805
4.57645
4.61958
4.65755
4.69049
4.71851
4.74173
4.76022
4.77405
4.78327
4.78789
4.78794
4.78338
4.77418
4.7603
4.74169
4.71832
4.69013
4.6571
4.61915
4.57614
4.52786
4.47407
4.41459
4.34931
4.27816
4.20094
4.11728
4.02688
3.92961
3.82537
3.71381
3.59453
3.46751
3.33258
3.18933
3.03777
2.87784
2.70926
2.53226
2.34684
2.15312
1.95145
1.74217
1.52582
1.30295
1.07437
0.840914
0.603534
0.363282
0.121283
0.124534
0.372906
0.619417
0.8629
1.10219
1.3363
1.56431
1.78546
1.9991
2.20473
2.40197
2.59055
2.77033
2.94122
3.10328
3.25656
3.40121
3.53743
3.66541
3.78539
3.89765
4.00242
4.09995
4.19051
4.27439
4.35179
4.42295
4.48807
4.54739
4.60111
4.6494
4.6924
4.73026
4.76308
4.791
4.81412
4.83253
4.8463
4.85547
4.86008
4.86012
4.85558
4.84643
4.83261
4.81409
4.79081
4.76273
4.72981
4.69198
4.64909
4.60092
4.54723
4.48782
4.42258
4.35143
4.27414
4.19034
4.09972
4.00212
3.89743
3.78526
3.66522
3.53722
3.4011
3.2564
3.10311
2.94114
2.77019
2.59045
2.40189
2.20464
1.99904
1.7854
1.56428
1.33626
1.10217
0.862885
0.619422
0.372895
0.124501
0.127921
0.383023
0.636133
0.886003
1.1314
1.37127
1.60465
1.83075
2.04891
2.2586
2.45945
2.65122
2.83378
3.00706
3.17116
3.32616
3.47223
3.60961
3.73852
3.85923
3.97204
4.07722
4.17503
4.26577
4.34973
4.42716
4.49828
4.56332
4.62253
4.67612
4.72427
4.76713
4.80484
4.83753
4.86532
4.88833
4.90665
4.92035
4.92948
4.93406
4.9341
4.92959
4.92048
4.90674
4.8883
4.86513
4.83718
4.8044
4.76671
4.72396
4.67593
4.62237
4.56307
4.49792
4.4268
4.34949
4.26561
4.1748
4.07692
3.97183
3.85911
3.73833
3.60941
3.47212
3.326
3.171
3.00699
2.83364
2.65112
2.45938
2.25851
2.04884
1.83069
1.60462
1.37123
1.13138
0.885989
0.636139
0.383012
0.127889
0.131488
0.393677
0.653729
0.910309
1.1621
1.408
1.64698
1.87822
2.10103
2.3149
2.51946
2.71448
2.89984
3.07553
3.24166
3.39835
3.54581
3.68431
3.81411
3.93549
4.04881
4.15434
4.25237
4.34324
4.42724
4.50464
4.57567
4.6406
4.69966
4.75309
4.80106
4.84375
4.88129
4.91382
4.94147
4.96435
4.98257
4.99619
5.00526
5.00982
5.00986
5.00537
4.99632
4.98265
4.96433
4.94128
4.91348
4.88086
4.84334
4.80076
4.7529
4.6995
4.64035
4.57532
4.50428
4.427
4.34308
4.25215
4.15404
4.0486
3.93537
3.81392
3.68411
3.54571
3.3982
3.2415
3.07546
2.89971
2.71438
2.51939
2.31482
2.10097
1.87816
1.64695
1.40796
1.16208
0.910296
0.653736
0.393667
0.131456
0.135248
0.404904
0.672263
0.935893
1.19439
1.44659
1.6914
1.92797
2.1556
2.37377
2.58211
2.78042
2.96862
3.14672
3.31486
3.47321
3.62201
3.76158
3.89221
4.01422
4.12797
4.23379
4.332
4.42293
4.50691
4.58423
4.65514
4.7199
4.77877
4.83199
4.87976
4.92224
4.95958
4.99193
5.01942
5.04216
5.06026
5.07379
5.0828
5.08733
5.08737
5.08291
5.07392
5.06035
5.04214
5.01924
4.9916
4.95916
4.92183
4.87946
4.83181
4.77861
4.71966
4.65479
4.58388
4.50668
4.42277
4.33178
4.23351
4.12776
4.0141
3.89202
3.76139
3.62191
3.47306
3.3147
3.14665
2.96849
2.78032
2.58204
2.37369
2.15554
1.92791
1.69137
1.44655
1.19437
0.93588
0.67227
0.404894
0.135217
0.139214
0.416743
0.691798
0.962839
1.22838
1.48715
1.73803
1.98014
2.21274
2.43531
2.64752
2.84917
3.04021
3.22071
3.39083
3.5508
3.70091
3.84149
3.97287
4.09544
4.20956
4.31561
4.41392
4.50485
4.58876
4.66594
4.73666
4.80121
4.85985
4.91283
4.96036
5.0026
5.03971
5.07185
5.09916
5.12174
5.13971
5.15314
5.16208
5.16657
5.16661
5.16219
5.15327
5.1398
5.12172
5.09898
5.07153
5.0393
5.0022
4.96006
4.91265
4.8597
4.80097
4.73632
4.6656
4.58854
4.5047
4.41371
4.31533
4.20936
4.09532
3.97269
3.84129
3.70081
3.55066
3.39068
3.22064
3.04008
2.84907
2.64745
2.43523
2.21268
1.98008
1.73801
1.48711
1.22836
0.962827
0.691805
0.416733
0.139183
0.143401
0.429236
0.712402
0.991239
1.26416
1.52981
1.78702
2.03486
2.27258
2.49967
2.71581
2.92083
3.11473
3.2976
3.46967
3.63121
3.78255
3.92407
4.05614
4.17918
4.29361
4.39981
4.49815
4.58902
4.67278
4.74976
4.82025
4.88454
4.9429
4.99559
5.04283
5.0848
5.12166
5.15357
5.18067
5.20307
5.2209
5.23422
5.24309
5.24754
5.24758
5.24319
5.23434
5.22098
5.20306
5.1805
5.15325
5.12126
5.08441
5.04254
4.99541
4.94274
4.8843
4.81992
4.74944
4.67257
4.58888
4.49794
4.39954
4.29342
4.17907
4.05597
3.92388
3.78245
3.63107
3.46952
3.29753
3.1146
2.92073
2.71574
2.49959
2.27252
2.0348
1.787
1.52978
1.26414
0.991229
0.71241
0.429226
0.14337
0.147824
0.442433
0.734153
1.0212
1.30186
1.57471
1.8385
2.09228
2.33527
2.56699
2.78711
2.99553
3.19227
3.37749
3.55147
3.71451
3.867
4.00938
4.14207
4.2655
4.38014
4.48641
4.5847
4.67543
4.75899
4.83571
4.9059
4.96987
5.0279
5.08026
5.12718
5.16884
5.20541
5.23706
5.26393
5.28614
5.3038
5.317
5.32579
5.33019
5.33023
5.32589
5.31712
5.30389
5.28612
5.26376
5.23675
5.20502
5.16845
5.12689
5.08008
5.02774
4.96963
4.90557
4.83539
4.75878
4.6753
4.58451
4.48615
4.37996
4.26539
4.1419
4.0092
3.86691
3.71437
3.55132
3.37742
3.19214
2.99543
2.78704
2.56691
2.33522
2.09222
1.83848
1.57468
1.30184
1.02119
0.734162
0.442423
0.147794
0.152502
0.456386
0.757138
1.05282
1.34162
1.62199
1.89264
2.15256
2.40098
2.63741
2.86157
3.0734
3.27297
3.4605
3.6363
3.80078
3.95434
4.09749
4.23069
4.35442
4.46919
4.57544
4.6736
4.76411
4.84738
4.92378
4.99361
5.0572
5.11485
5.16683
5.21338
5.25469
5.29095
5.32231
5.34892
5.37091
5.3884
5.40146
5.41016
5.41452
5.41456
5.41026
5.40159
5.38849
5.3709
5.34876
5.32201
5.29056
5.25431
5.21309
5.16664
5.11469
5.05696
4.99328
4.92346
4.84718
4.76399
4.67341
4.57518
4.46901
4.35432
4.23052
4.09731
3.95425
3.80063
3.63616
3.46042
3.27284
3.0733
2.86151
2.63733
2.40092
2.15251
1.89262
1.62197
1.34161
1.05282
0.757148
0.456377
0.152473
0.157456
0.471155
0.781451
1.08625
1.38358
1.67183
1.94961
2.21588
2.46987
2.71111
2.93935
3.15459
3.35695
3.54672
3.72428
3.89009
4.04463
4.18844
4.32205
4.44598
4.56077
4.6669
4.76485
4.85506
4.93797
5.01395
5.08336
5.14651
5.20372
5.25528
5.30142
5.34234
5.37824
5.40928
5.43562
5.45737
5.47467
5.48759
5.49619
5.5005
5.50054
5.49629
5.48771
5.47476
5.45737
5.43547
5.40899
5.37787
5.34197
5.30113
5.25509
5.20356
5.14627
5.08303
5.01364
4.93777
4.85494
4.76467
4.66666
4.5606
4.44589
4.32189
4.18827
4.04454
3.88995
3.72414
3.54664
3.35682
3.15449
2.93928
2.71103
2.46981
2.21583
1.94959
1.67181
1.38358
1.08625
0.781464
0.471148
0.157427
0.162708
0.486808
0.8072
1.12161
1.42792
1.7244
2.00959
2.28243
2.54213
2.78825
3.02061
3.23923
3.44434
3.63627
3.8155
3.98253
4.13794
4.2823
4.4162
4.54021
4.65492
4.76083
4.85845
4.94827
5.03073
5.10624
5.17514
5.23779
5.29451
5.34559
5.39127
5.43177
5.46728
5.49797
5.524
5.5455
5.56259
5.57535
5.58384
5.5881
5.58814
5.58394
5.57547
5.56268
5.5455
5.52386
5.49769
5.46691
5.43141
5.39099
5.3454
5.29435
5.23756
5.17482
5.10593
5.03054
4.94816
4.85828
4.7606
4.65475
4.54013
4.41605
4.28213
4.13785
3.9824
3.81535
3.6362
3.4442
3.23913
3.02054
2.78817
2.54208
2.28238
2.00958
1.72438
1.42792
1.12161
0.807217
0.486804
0.162681
0.168283
0.50342
0.834506
1.15906
1.47482
1.77991
2.07281
2.35241
2.61796
2.86904
3.10551
3.32749
3.53527
3.72928
3.91006
4.0782
4.23433
4.37911
4.51317
4.63715
4.75165
4.85723
4.95443
5.04376
5.12568
5.20063
5.26896
5.33104
5.3872
5.43774
5.48292
5.52295
5.55804
5.58835
5.61404
5.63526
5.65212
5.66471
5.67309
5.67729
5.67733
5.67319
5.66484
5.65222
5.63526
5.61391
5.58807
5.55768
5.5226
5.48265
5.43756
5.38704
5.33081
5.26864
5.20032
5.1255
5.04365
4.95427
4.85701
4.7515
4.63707
4.51303
4.37895
4.23425
4.07806
3.90991
3.7292
3.53514
3.32739
3.10544
2.86896
2.61791
2.35237
2.0728
1.77989
1.47482
1.15907
0.834526
0.503419
0.168258
0.174212
0.521076
0.863501
1.19878
1.52447
1.83857
2.13948
2.42607
2.69759
2.95367
3.19425
3.41953
3.62989
3.82586
4.00806
4.17716
4.33388
4.47894
4.61302
4.73682
4.85099
4.95612
5.05279
5.14152
5.22281
5.29711
5.36479
5.42623
5.48178
5.53173
5.57635
5.61587
5.65049
5.68038
5.70572
5.72664
5.74325
5.75566
5.76391
5.76805
5.76809
5.76401
5.75579
5.74335
5.72665
5.70559
5.68012
5.65014
5.61552
5.57608
5.53154
5.48161
5.426
5.36447
5.29681
5.22263
5.14141
5.05263
4.95591
4.85085
4.73675
4.61289
4.47878
4.3338
4.17703
4.00791
3.82578
3.62976
3.41942
3.19417
2.95359
2.69753
2.42603
2.13948
1.83856
1.52448
1.1988
0.863528
0.521079
0.174189
0.180527
0.539871
0.89434
1.24097
1.57712
1.90064
2.20987
2.50364
2.78124
3.04236
3.28702
3.51553
3.72836
3.92614
4.10961
4.27952
4.43666
4.58183
4.71578
4.83926
4.95295
5.05751
5.15352
5.24155
5.32212
5.39567
5.46262
5.52335
5.57821
5.62751
5.67153
5.71049
5.74461
5.77405
5.799
5.81959
5.83595
5.84815
5.85627
5.86035
5.86039
5.85638
5.84828
5.83605
5.81961
5.79889
5.7738
5.74427
5.71015
5.67126
5.62733
5.57804
5.52311
5.46231
5.39537
5.32193
5.24145
5.15338
5.05731
4.95282
4.8392
4.71566
4.58168
4.43659
4.27939
4.10946
3.92606
3.72822
3.51541
3.28694
3.04227
2.78118
2.5036
2.20987
1.90064
1.57713
1.24099
0.894372
0.53988
0.180507
0.187265
0.559916
0.927192
1.28585
1.63301
1.96639
2.28425
2.5854
2.86917
3.13534
3.38403
3.61566
3.83082
4.03026
4.21481
4.38535
4.54273
4.68784
4.8215
4.94449
5.05757
5.16141
5.25664
5.34385
5.42358
5.4963
5.56244
5.62238
5.67649
5.72508
5.76844
5.8068
5.84036
5.86933
5.89386
5.9141
5.93018
5.94217
5.95015
5.95415
5.95419
5.95026
5.94231
5.93029
5.91413
5.89376
5.86909
5.84004
5.80646
5.76817
5.72489
5.67631
5.62214
5.56212
5.49601
5.4234
5.34375
5.2565
5.16122
5.05745
4.94444
4.82139
4.68771
4.54266
4.38522
4.21467
4.03017
3.83067
3.61554
3.38395
3.13526
2.86912
2.58536
2.28425
1.9664
1.63303
1.28588
0.927232
0.55993
0.187248
0.194469
0.581334
0.962254
1.33366
1.69243
2.03613
2.36292
2.67164
2.96167
3.23287
3.48551
3.72012
3.93744
4.13834
4.32379
4.49474
4.65217
4.79702
4.9302
5.05254
5.16484
5.26781
5.36213
5.44841
5.5272
5.59899
5.66422
5.72329
5.77658
5.8244
5.86705
5.90475
5.93774
5.96618
5.99027
6.01014
6.02591
6.03767
6.0455
6.04943
6.04947
6.04561
6.03782
6.02603
6.01017
5.99017
5.96596
5.93742
5.90443
5.86678
5.82421
5.7764
5.72305
5.6639
5.59869
5.52702
5.44832
5.36201
5.26764
5.16473
5.0525
4.9301
4.7969
4.65211
4.49462
4.32364
4.13825
3.93729
3.71999
3.48542
3.23278
2.96162
2.67161
2.36293
2.03614
1.69247
1.3337
0.962302
0.581355
0.194455
0.202187
0.604267
0.999746
1.38469
1.75571
2.11019
2.44624
2.76269
3.05902
3.33522
3.59168
3.8291
4.04838
4.25053
4.43664
4.60779
4.76504
4.90943
5.04192
5.16342
5.27477
5.37674
5.47
5.55522
5.63295
5.7037
5.76794
5.82607
5.87846
5.92545
5.96733
6.00433
6.03669
6.06458
6.08819
6.10766
6.12311
6.13463
6.1423
6.14615
6.14619
6.14242
6.13478
6.12324
6.1077
6.08811
6.06437
6.03638
6.00401
5.96706
5.92526
5.87828
5.82582
5.76762
5.70341
5.63277
5.55513
5.46989
5.37658
5.27469
5.1634
5.04184
4.90931
4.76498
4.60766
4.43649
4.25044
4.04822
3.82897
3.59158
3.33513
3.05897
2.76267
2.44625
2.11022
1.75576
1.38474
0.999804
0.604295
0.202177
0.210477
0.628877
1.03992
1.43926
1.82321
2.18896
2.53457
2.85891
3.16156
3.44266
3.70279
3.94282
4.16382
4.36697
4.55348
4.72456
4.88139
5.02509
5.15669
5.27716
5.38739
5.48817
5.58024
5.66426
5.74081
5.81043
5.87358
5.93068
5.98211
6.0282
6.06925
6.1055
6.13719
6.16449
6.18759
6.20663
6.22175
6.23302
6.24051
6.24428
6.24432
6.24063
6.23317
6.22188
6.20669
6.18752
6.16429
6.13689
6.10519
6.06898
6.028
5.98192
5.93043
5.87326
5.81014
5.74064
5.66418
5.58014
5.48803
5.38732
5.27716
5.15662
5.02499
4.88134
4.72444
4.55332
4.36686
4.16365
3.94268
3.70268
3.44257
3.16151
2.85889
2.53459
2.189
1.82327
1.43933
1.03999
0.628914
0.210471
0.219403
0.655354
1.08307
1.49774
1.89533
2.27286
2.62833
2.96068
3.26963
3.55551
3.81911
4.06149
4.28394
4.48778
4.67441
4.84516
5.0013
5.14406
5.27454
5.39377
5.50268
5.60212
5.69284
5.77552
5.85078
5.91915
5.98112
6.0371
6.08748
6.13261
6.17278
6.20823
6.2392
6.26588
6.28844
6.30703
6.32178
6.33278
6.3401
6.34378
6.34382
6.34023
6.33295
6.32193
6.30711
6.28839
6.26569
6.23892
6.20792
6.17251
6.1324
6.08728
6.03683
5.98079
5.91886
5.85061
5.77544
5.69274
5.602
5.50263
5.39379
5.27449
5.14397
5.00126
4.84504
4.67425
4.48766
4.28375
4.06134
3.81899
3.55541
3.26958
2.96066
2.62836
2.27291
1.89541
1.49782
1.08316
0.6554
0.219401
0.229041
0.683913
1.12954
1.56054
1.97254
2.36236
2.72797
3.06842
3.38361
3.67409
3.9409
4.18534
4.4089
4.61312
4.79954
4.96964
5.12482
5.26637
5.39548
5.51325
5.62065
5.71856
5.80777
5.88898
5.96281
6.02983
6.09051
6.14529
6.19456
6.23866
6.27788
6.31248
6.34269
6.3687
6.39069
6.40881
6.42318
6.43389
6.44102
6.44461
6.44466
6.44116
6.43408
6.42335
6.40891
6.39066
6.36854
6.34242
6.31218
6.27761
6.23844
6.19434
6.14502
6.09018
6.02953
5.96265
5.88891
5.80769
5.71846
5.62063
5.51329
5.39546
5.2663
5.12478
4.96952
4.79937
4.61298
4.4087
4.18516
3.94076
3.67398
3.38355
3.06841
2.72802
2.36243
1.97264
1.56065
1.12964
0.683972
0.229044
0.239478
0.71481
1.1797
1.62815
2.05537
2.458
2.83401
3.1826
3.5039
3.79874
4.06844
4.31458
4.53889
4.74312
4.92897
5.09809
5.25198
5.39204
5.51954
5.63561
5.74129
5.83749
5.92502
6.0046
6.07689
6.14244
6.20174
6.25523
6.3033
6.3463
6.38452
6.41822
6.44762
6.47293
6.49431
6.51193
6.5259
6.53631
6.54324
6.54673
6.54678
6.54339
6.53651
6.52609
6.51205
6.49431
6.47279
6.44737
6.41792
6.38424
6.34606
6.30307
6.25493
6.20139
6.14214
6.07672
6.00455
5.92496
5.83741
5.74129
5.63568
5.51954
5.39199
5.25196
5.09797
4.9288
4.74296
4.53867
4.31438
4.06829
3.79861
3.50384
3.18259
2.83407
2.45809
2.05549
1.62828
1.17982
0.714883
0.239487
0.25082
0.748341
1.23401
1.70112
2.14442
2.56038
2.94701
3.30372
3.63093
3.92982
4.20203
4.44945
4.67409
4.8779
5.06281
5.23058
5.38285
5.52111
5.64671
5.76084
5.86458
5.95887
6.04456
6.12237
6.19298
6.25694
6.31476
6.36687
6.41367
6.4555
6.49266
6.5254
6.55395
6.57852
6.59927
6.61635
6.6299
6.64
6.64672
6.65011
6.65017
6.64688
6.64022
6.63012
6.61651
6.5993
6.5784
6.55372
6.52511
6.49237
6.45524
6.41341
6.36655
6.31439
6.25663
6.19281
6.12232
6.04452
5.95883
5.86462
5.76095
5.64674
5.52109
5.38283
5.23045
5.06261
4.87772
4.67384
4.44923
4.20185
3.92968
3.63086
3.30372
2.94709
2.56049
2.14457
1.70128
1.23416
0.748433
0.250836
0.263189
0.784859
1.293
1.78009
2.24038
2.67017
3.06759
3.43232
3.76517
4.06771
4.34197
4.59019
4.81467
5.01761
5.20113
5.36715
5.51744
5.65359
5.777
5.88894
5.99051
6.0827
6.16636
6.24225
6.31104
6.3733
6.42953
6.48017
6.52562
6.56622
6.60225
6.63399
6.66165
6.68543
6.70551
6.72204
6.73514
6.74491
6.75142
6.7547
6.75476
6.75159
6.74516
6.7354
6.72223
6.70557
6.68534
6.66142
6.63369
6.60195
6.56593
6.52533
6.47983
6.42914
6.37297
6.31087
6.24221
6.16634
6.08269
5.99059
5.88908
5.77707
5.65359
5.51744
5.36703
5.20092
5.0174
4.81438
4.58993
4.34177
4.06755
3.7651
3.43232
3.06768
2.67031
2.24056
1.78029
1.29318
0.784972
0.263213
0.276732
0.82478
1.3573
1.8658
2.34402
2.78812
3.19643
3.569
3.9071
4.2128
4.48856
4.73703
4.9608
5.16236
5.34402
5.50787
5.6558
5.78948
5.9104
6.01987
6.11905
6.20892
6.29038
6.36419
6.43103
6.49147
6.54601
6.59509
6.63911
6.67841
6.71326
6.74394
6.77065
6.79361
6.81299
6.82894
6.84158
6.851
6.85728
6.86045
6.86052
6.85748
6.85128
6.84187
6.82917
6.8131
6.79356
6.77045
6.74364
6.71294
6.67809
6.63878
6.59471
6.5456
6.49113
6.43086
6.36417
6.2904
6.20896
6.11918
6.02007
5.91051
5.78951
5.6558
5.50774
5.34378
5.16212
4.96047
4.73673
4.48833
4.21262
3.90702
3.56901
3.19655
2.7883
2.34425
1.86605
1.35752
0.82492
0.276766
0.291626
0.868604
1.42764
1.95914
2.45626
2.9151
3.33429
3.71439
4.05725
4.3655
4.64212
4.89019
5.11265
5.31227
5.49155
5.65277
5.79792
5.92878
6.0469
6.15363
6.25016
6.33751
6.41659
6.48816
6.55291
6.6114
6.66415
6.71159
6.75411
6.79203
6.82564
6.8552
6.88093
6.90303
6.92167
6.93701
6.94917
6.95823
6.96427
6.96733
6.96741
6.96449
6.95855
6.94951
6.9373
6.92183
6.90302
6.88075
6.8549
6.82529
6.79167
6.75373
6.71116
6.66371
6.61104
6.55273
6.48815
6.41663
6.3376
6.25035
6.15388
6.04706
5.92885
5.79794
5.65263
5.49129
5.31197
5.11227
4.88984
4.64185
4.36529
4.05716
3.71442
3.33444
2.91533
2.45654
1.95944
1.42791
0.868777
0.291673
0.308087
0.916933
1.50491
2.06111
2.57812
3.05207
3.48202
3.86919
4.21616
4.52622
4.80296
5.04989
5.27037
5.46742
5.64378
5.80188
5.94382
6.07148
6.18646
6.29016
6.3838
6.46842
6.54493
6.6141
6.67662
6.73305
6.7839
6.82961
6.87054
6.90703
6.93934
6.96774
6.99243
7.01363
7.0315
7.04621
7.05786
7.06655
7.07234
7.07528
7.07537
7.07259
7.06691
7.05826
7.04657
7.03173
7.01367
6.99228
6.96743
6.93896
6.90662
6.8701
6.82913
6.78342
6.73267
6.67643
6.6141
6.54501
6.46856
6.38406
6.29049
6.18669
6.07159
5.94386
5.80172
5.64348
5.46707
5.26992
5.04948
4.80263
4.52599
4.21606
3.86923
3.4822
3.05235
2.57847
2.06148
1.50523
0.917147
0.308149
0.326376
0.970498
1.59015
2.17292
2.7108
3.2001
3.64052
4.03413
4.3844
4.6954
4.97137
5.21635
5.43409
5.6279
5.80075
5.9552
6.09349
6.21754
6.32905
6.42944
6.51993
6.6016
6.67535
6.74196
6.80211
6.85636
6.90522
6.94911
6.98838
7.02336
7.05432
7.08149
7.10511
7.12536
7.14244
7.15648
7.1676
7.1759
7.18144
7.18426
7.18436
7.18173
7.17633
7.16808
7.15692
7.14274
7.12546
7.10498
7.08118
7.05389
7.02288
6.98786
6.94855
6.90468
6.85595
6.80192
6.74198
6.67547
6.6018
6.52027
6.42985
6.32936
6.21772
6.09355
5.95503
5.8004
5.62748
5.43357
5.21587
4.97098
4.69513
4.38429
4.03418
3.64074
3.20044
2.71123
2.17337
1.59055
0.970763
0.326457
0.346821
1.0302
1.68464
2.29599
2.85569
3.36042
3.81079
4.21
4.56255
4.87345
5.14764
5.38976
5.60393
5.79378
5.96248
6.11273
6.24689
6.36694
6.47462
6.57139
6.65848
6.73698
6.80778
6.87167
6.92931
6.98127
7.02804
7.07002
7.10756
7.14097
7.17051
7.19642
7.21891
7.23819
7.25442
7.26777
7.27835
7.28625
7.29153
7.29422
7.29433
7.29186
7.28674
7.27892
7.26832
7.25482
7.23836
7.21882
7.1961
7.17004
7.14041
7.10695
7.06938
7.02744
6.98082
6.92911
6.87171
6.80796
6.73726
6.65892
6.5719
6.47503
6.36718
6.24697
6.11254
5.96206
5.79327
5.60331
5.38919
5.14719
4.87313
4.56243
4.21007
3.81106
3.36083
2.85621
2.29654
1.68514
1.03053
0.346924
0.369829
1.09715
1.78994
2.43202
3.01437
3.53438
3.99393
4.39762
4.75121
5.06077
5.33205
5.57027
5.77998
5.9651
6.12897
6.27446
6.40398
6.51961
6.62311
6.71595
6.79939
6.87449
6.94216
7.00317
7.05817
7.10772
7.1523
7.19229
7.22803
7.25982
7.28788
7.31247
7.33379
7.35204
7.36741
7.38004
7.39006
7.39753
7.40254
7.4051
7.40524
7.40292
7.39811
7.39074
7.38071
7.36793
7.3523
7.33373
7.31213
7.28733
7.25915
7.22731
7.19155
7.15162
7.10723
7.05796
7.00323
6.9424
6.87487
6.79994
6.71659
6.62363
6.51994
6.4041
6.27424
6.12848
5.96448
5.77925
5.56959
5.33152
5.0604
4.75107
4.3977
3.99425
3.53488
3.015
2.43269
1.79055
1.09756
0.369961
0.395918
1.17275
1.90795
2.583
3.18868
3.72351
4.19111
4.59783
4.95096
5.25776
5.52484
5.75803
5.96231
6.14186
6.30021
6.44032
6.56471
6.67549
6.77444
6.86305
6.94257
7.01406
7.07842
7.13639
7.18861
7.23564
7.27793
7.31586
7.34974
7.37983
7.40637
7.42958
7.44968
7.46687
7.48134
7.49323
7.50266
7.5097
7.51443
7.51686
7.51701
7.51487
7.51038
7.50347
7.49405
7.48201
7.46725
7.44968
7.42921
7.40573
7.37903
7.34887
7.31499
7.27716
7.23509
7.18839
7.13647
7.07872
7.01455
6.94326
6.86384
6.77511
6.67592
6.56487
6.44007
6.29961
6.1411
5.96143
5.75722
5.5242
5.25733
4.95081
4.59794
4.19149
3.72411
3.18944
2.58382
1.9087
1.17326
0.396086
0.425756
1.25877
2.04102
2.75137
3.38075
3.9295
4.40358
4.81151
5.16239
5.46476
5.7262
5.95313
6.15093
6.32405
6.47614
6.61026
6.72899
6.83448
6.92852
7.01259
7.08794
7.15561
7.21646
7.27123
7.32056
7.36496
7.40487
7.44066
7.47261
7.50096
7.52593
7.54771
7.56654
7.58263
7.59616
7.60728
7.6161
7.62271
7.62714
7.62944
7.62962
7.62765
7.62349
7.61707
7.60828
7.59701
7.58314
7.5666
7.54731
7.52516
7.49999
7.47156
7.43964
7.40399
7.36435
7.32032
7.27135
7.21684
7.15622
7.0888
7.01358
6.92937
6.83505
6.72921
6.60997
6.47541
6.32311
6.14987
5.95217
5.72545
5.46427
5.16221
4.81165
4.40403
3.93022
3.38167
2.75237
2.04195
1.25942
0.425972
0.460216
1.35749
2.19209
2.94001
3.59302
4.15421
4.63263
5.03952
5.38601
5.68209
5.93627
6.15561
6.34584
6.51161
6.65668
6.78418
6.89673
6.99649
7.08525
7.16448
7.23541
7.29903
7.3562
7.40763
7.45393
7.49559
7.53304
7.56662
7.59659
7.62316
7.64649
7.6668
7.68431
7.69925
7.71181
7.72214
7.73034
7.73648
7.74062
7.74279
7.74299
7.7412
7.7374
7.73149
7.72336
7.71289
7.69994
7.68444
7.66634
7.64556
7.62196
7.59533
7.56542
7.53204
7.49491
7.45367
7.40778
7.35667
7.29978
7.23645
7.16569
7.08632
6.99723
6.89701
6.78383
6.65579
6.51045
6.34456
6.15446
5.93539
5.68152
5.38581
5.03969
4.63316
4.15506
3.59413
2.94123
2.19325
1.35831
0.460496
0.500464
1.47189
2.36486
3.1524
3.82829
4.39965
4.87963
5.2827
5.62231
5.90997
6.15515
6.36547
6.54697
6.70445
6.84173
6.96197
7.06779
7.16138
7.2445
7.3186
7.38485
7.44423
7.49755
7.54549
7.58863
7.62746
7.66237
7.69368
7.72163
7.74636
7.76802
7.78679
7.80293
7.81668
7.82823
7.83774
7.8453
7.85098
7.85481
7.85684
7.85706
7.85548
7.85204
7.84667
7.83924
7.8296
7.8176
7.80315
7.78626
7.76688
7.74488
7.72009
7.69227
7.66122
7.6267
7.58835
7.54567
7.49811
7.44514
7.38612
7.32008
7.24586
7.16234
7.06816
6.96154
6.84063
6.70301
6.54541
6.3641
6.15412
5.90932
5.62208
5.2829
4.88025
4.40065
3.82962
3.1539
2.36631
1.47294
0.500828
0.548082
1.60592
2.56402
3.39273
4.08972
4.66798
5.1459
5.54181
5.87166
6.14854
6.38282
6.58261
6.7542
6.90245
7.03116
7.14347
7.24203
7.32901
7.40614
7.47481
7.53615
7.59109
7.64039
7.6847
7.72458
7.76047
7.79277
7.82176
7.84764
7.87051
7.89045
7.90762
7.92233
7.93484
7.94536
7.95403
7.96093
7.96613
7.96966
7.97154
7.97179
7.97041
7.96736
7.96256
7.95587
7.9471
7.93606
7.92268
7.907
7.88903
7.86868
7.84577
7.82009
7.79145
7.75962
7.72427
7.68492
7.64105
7.59218
7.53769
7.47664
7.40787
7.33027
7.24252
7.14294
7.02977
6.90064
6.75231
6.58099
6.38162
6.1478
5.87141
5.54203
5.14662
4.66915
4.09131
3.39457
2.56582
1.60726
0.548559
0.605279
1.7649
2.79554
3.66601
4.38087
4.96144
5.43273
5.81748
6.13432
6.39783
6.61919
6.80689
6.96735
7.10541
7.22478
7.32852
7.41928
7.49922
7.57001
7.63298
7.68919
7.7395
7.78462
7.82517
7.86167
7.89453
7.92415
7.95077
7.97457
7.99556
8.01373
8.02925
8.04246
8.05368
8.06313
8.07094
8.07718
8.08188
8.08509
8.08683
8.08711
8.08594
8.08329
8.07909
8.07319
8.06534
8.05529
8.04296
8.02849
8.01195
7.99327
7.97229
7.94882
7.92266
7.8936
7.86134
7.82543
7.78539
7.74077
7.69102
7.63523
7.57222
7.50087
7.41992
7.32784
7.22301
7.10314
6.96505
6.80497
6.61781
6.397
6.13403
5.81773
5.43354
4.96279
4.38276
3.66826
2.7978
1.76662
0.605906
0.675208
1.95613
3.06712
3.97821
4.70563
5.28225
5.74123
6.11017
6.41036
6.65771
6.86403
7.03804
7.18618
7.31314
7.4224
7.51691
7.59934
7.67182
7.73595
7.79296
7.84382
7.88933
7.93013
7.96679
7.9998
8.02955
8.05642
8.08064
8.10235
8.12147
8.13784
8.15161
8.16324
8.17312
8.18148
8.18841
8.19396
8.19817
8.20106
8.20265
8.20296
8.202
8.19977
8.19621
8.19116
8.1843
8.17525
8.16395
8.15066
8.13555
8.11857
8.09958
8.07836
8.05475
8.02854
7.99945
7.96708
7.93099
7.8908
7.84599
7.79571
7.73878
7.67399
7.60018
7.51604
7.42012
7.31025
7.18338
7.0358
6.86247
6.65679
6.41005
6.11045
5.74214
5.28379
4.70785
3.98097
3.06999
1.95836
0.676035
0.762507
2.18986
3.38868
4.33635
5.06811
5.63251
6.07228
6.42009
6.69966
6.92791
7.11702
7.27573
7.41038
7.52537
7.62378
7.7084
7.78198
7.8466
7.90377
7.95458
7.9999
8.04044
8.07678
8.10944
8.13886
8.16542
8.18947
8.21127
8.23092
8.2482
8.26273
8.27464
8.2846
8.29309
8.30032
8.30637
8.31124
8.31495
8.31751
8.31894
8.31927
8.31852
8.31672
8.31384
8.30973
8.30396
8.29593
8.28559
8.27344
8.25975
8.24451
8.22753
8.20863
8.18763
8.16433
8.1385
8.10976
8.07774
8.0421
8.00244
7.95794
7.9074
7.84948
7.78308
7.70727
7.62081
7.52168
7.40697
7.27313
7.11526
6.92691
6.69933
6.42039
6.07327
5.63424
5.07069
4.33973
3.39237
2.19278
0.763602
0.874219
2.48073
3.77306
4.74849
5.47245
6.01395
6.42635
6.74712
7.00182
7.20795
7.37765
7.5195
7.63955
7.74181
7.82868
7.90273
7.96693
8.02333
8.07326
8.11766
8.15727
8.1927
8.22446
8.25301
8.27874
8.30203
8.32321
8.34256
8.36019
8.37574
8.3884
8.39828
8.40645
8.4135
8.41959
8.42475
8.42893
8.43214
8.43436
8.43564
8.43598
8.43544
8.43407
8.43191
8.42884
8.4243
8.41731
8.40782
8.39673
8.38447
8.37098
8.35608
8.33954
8.3212
8.30089
8.27838
8.25335
8.22548
8.19453
8.16019
8.12176
8.07798
8.02718
7.9684
7.90123
7.82474
7.73705
7.63542
7.51652
7.37573
7.20688
7.00149
6.74743
6.4274
6.01585
5.47541
4.75259
3.77781
2.48462
0.875677
1.02141
2.85014
4.23667
5.2235
5.92244
6.42768
6.80335
7.09069
7.31617
7.49714
7.64529
7.76876
7.87322
7.96215
8.03684
8.09959
8.1539
8.20175
8.24421
8.28202
8.31577
8.34596
8.37303
8.39737
8.41933
8.43926
8.4575
8.47438
8.49008
8.50411
8.51487
8.52246
8.52869
8.53425
8.53921
8.54348
8.54698
8.54968
8.55158
8.55268
8.55302
8.55267
8.55173
8.55032
8.54842
8.54538
8.53944
8.53056
8.52043
8.50959
8.49791
8.48513
8.47101
8.45538
8.4381
8.41897
8.39772
8.37408
8.34791
8.31905
8.28697
8.25038
8.20696
8.15586
8.09761
8.03155
7.95595
7.86825
7.76543
7.64326
7.49603
7.31584
7.09101
6.80443
6.42971
5.92575
5.22844
4.24288
2.8554
1.02336
1.22213
3.33012
4.80021
5.77051
6.42086
6.87383
7.20247
7.44976
7.64168
7.79456
7.91914
8.02282
8.11082
8.1861
8.24805
8.29862
8.34254
8.38157
8.41639
8.44747
8.47523
8.50007
8.52235
8.54239
8.5605
8.57699
8.59221
8.60658
8.62047
8.63339
8.64223
8.64706
8.65118
8.65526
8.6591
8.6625
8.66533
8.66753
8.66908
8.67
8.67033
8.67015
8.6696
8.66894
8.66837
8.66727
8.6624
8.65371
8.64441
8.63501
8.62519
8.61458
8.60293
8.59007
8.57588
8.56017
8.54273
8.52338
8.50206
8.47879
8.45335
8.42457
8.38874
8.34515
8.29599
8.24081
8.17791
8.10492
8.01921
7.91708
7.79348
7.64137
7.45008
7.20351
6.87589
6.42446
5.77638
4.80842
3.33732
1.22472
1.50691
3.96957
5.48872
6.3975
6.96865
7.35107
7.62194
7.8227
7.97698
8.09908
8.19824
8.28084
8.35164
8.41342
8.46214
8.49935
8.53245
8.5625
8.58956
8.61379
8.63547
8.65488
8.6723
8.68797
8.70215
8.71511
8.7272
8.73896
8.75117
8.76376
8.77066
8.77192
8.77376
8.77639
8.77918
8.78174
8.78391
8.78561
8.78682
8.78756
8.78785
8.78779
8.78758
8.78761
8.78854
8.79019
8.78639
8.7771
8.76848
8.7606
8.75273
8.74436
8.73523
8.72518
8.7141
8.70186
8.68828
8.67323
8.65677
8.63914
8.62061
8.60058
8.57251
8.53585
8.49593
8.45206
8.40241
8.34481
8.27713
8.1963
8.09811
7.97669
7.82299
7.62288
7.35302
6.97235
6.4043
5.49976
3.97961
1.5103
1.92947
4.8449
6.32982
7.10892
7.56363
7.85622
8.05895
8.20727
8.32033
8.40937
8.48151
8.54183
8.59474
8.64405
8.67913
8.70115
8.72317
8.74421
8.76347
8.7808
8.79633
8.81024
8.82273
8.83397
8.84415
8.85349
8.86233
8.8713
8.88183
8.89562
8.90055
8.89668
8.89621
8.89755
8.89937
8.90114
8.90267
8.90388
8.90475
8.90528
8.90551
8.90553
8.90555
8.90612
8.90858
8.91453
8.91181
8.90039
8.89243
8.88624
8.88044
8.87438
8.86782
8.86061
8.85268
8.84393
8.83421
8.82347
8.81184
8.79976
8.78827
8.77864
8.75847
8.7274
8.69692
8.6648
8.62889
8.58729
8.53835
8.47987
8.40859
8.32009
8.2075
8.05973
7.85788
7.56707
7.11636
6.34501
4.8592
1.93369
2.58792
6.07787
7.34739
7.90143
8.19914
8.38385
8.50958
8.60067
8.66971
8.72389
8.76775
8.80469
8.83877
8.87825
8.89942
8.90298
8.91415
8.9264
8.93789
8.94829
8.95762
8.96599
8.9735
8.98026
8.98639
8.99204
8.99746
9.00328
9.01171
9.02973
9.03269
9.02063
9.01825
9.01862
9.01961
9.02065
9.02155
9.02228
9.0228
9.02312
9.02327
9.02332
9.02343
9.0242
9.02778
9.04109
9.03946
9.02287
9.01598
9.01183
9.00824
9.00457
9.00061
8.99627
8.99151
8.98626
8.98042
8.97399
8.96709
8.96027
8.95546
8.95937
8.94721
8.9188
8.89835
8.87853
8.85677
8.83163
8.80202
8.76661
8.72339
8.66955
8.60082
8.51009
8.385
8.20179
7.90857
7.36888
6.09872
2.59256
3.66784
7.86594
8.54382
8.75803
8.86292
8.92623
8.96887
8.9996
9.02282
9.04101
9.05573
9.06828
9.08146
9.11704
9.12411
9.10292
9.10488
9.10879
9.1126
9.11607
9.11918
9.12197
9.12448
9.12673
9.12878
9.13067
9.13251
9.13463
9.13922
9.16762
9.16861
9.1422
9.13962
9.13957
9.13987
9.14021
9.14051
9.14075
9.14092
9.14103
9.14109
9.14111
9.14117
9.14161
9.14458
9.17141
9.17087
9.14294
9.13887
9.1373
9.13608
9.13485
9.13352
9.13207
9.13049
9.12874
9.12679
9.12464
9.12237
9.12028
9.12046
9.14413
9.14007
9.10821
9.09962
9.09279
9.08548
9.0771
9.06718
9.05531
9.04082
9.02277
8.99965
8.96904
8.92664
8.86401
8.7624
8.57537
7.89724
3.67117
)
;

boundaryField
{
    scalarinlet
    {
        type            calculated;
        value           nonuniform List<scalar> 
80
(
3.66784
7.86594
8.54382
8.75803
8.86292
8.92623
8.96887
8.9996
9.02282
9.04101
9.05573
9.06828
9.08146
9.11704
9.12411
9.10292
9.10488
9.10879
9.1126
9.11607
9.11918
9.12197
9.12448
9.12673
9.12878
9.13067
9.13251
9.13463
9.13922
9.16762
9.16861
9.1422
9.13962
9.13957
9.13987
9.14021
9.14051
9.14075
9.14092
9.14103
9.14109
9.14111
9.14117
9.14161
9.14458
9.17141
9.17087
9.14294
9.13887
9.1373
9.13608
9.13485
9.13352
9.13207
9.13049
9.12874
9.12679
9.12464
9.12237
9.12028
9.12046
9.14413
9.14007
9.10821
9.09962
9.09279
9.08548
9.0771
9.06718
9.05531
9.04082
9.02277
8.99965
8.96904
8.92664
8.86401
8.7624
8.57537
7.89724
3.67117
)
;
    }
    walls
    {
        type            calculated;
        value           nonuniform List<scalar> 
240
(
0
0
0
0
0
0
0
0
0
0
0
0
0
0
0
0
0
0
0
0
0
0
0
0
0
0
0
0
0
0
0
0
0
0
0
0
0
0
0
0
0
0
0
0
0
0
0
0
0
0
0
0
0
0
0
0
0
0
0
0
0
0
0
0
0
0
0
0
0
0
0
0
0
0
0
0
0
0
0
0
0
0
0
0
0
0
0
0
0
0
0
0
0
0
0
0
0
0
0
0
0
0
0
0
0
0
0
0
0
0
0
0
0
0
0
0
0
0
0
0
0
0
0
0
0
0
0
0
0
0
0
0
0
0
0
0
0
0
0
0
0
0
0
0
0
0
0
0
0
0
0
0
0
0
0
0
0
0
0
0
0.0737795
0.22107
0.36783
0.513777
0.658516
0.801772
0.943196
1.0825
1.21939
1.35361
1.48491
1.61303
1.73778
1.85891
1.97635
2.08985
2.19923
2.3045
2.40545
2.50199
2.59415
2.68177
2.76474
2.84312
2.91696
2.98617
3.05065
3.11041
3.1655
3.216
3.26191
3.30318
3.33979
3.37174
3.39907
3.42181
3.44
3.45366
3.46279
3.46739
3.46743
3.46291
3.4538
3.44009
3.42179
3.39888
3.37137
3.3393
3.30266
3.26146
3.21565
3.16521
3.11009
3.05026
2.98575
2.91659
2.84281
2.76443
2.68145
2.59387
2.50174
2.40517
2.30424
2.19903
2.08964
1.97615
1.85874
1.7376
1.6129
1.4848
1.35348
1.21928
1.08244
0.94313
0.801708
0.658462
0.513733
0.367799
0.221046
0.0737845
)
;
    }
    frontAndBack
    {
        type            empty;
    }
}


// ************************************************************************* //
