/*--------------------------------*- C++ -*----------------------------------*\
  =========                 |
  \\      /  F ield         | OpenFOAM: The Open Source CFD Toolbox
   \\    /   O peration     | Website:  https://openfoam.org
    \\  /    A nd           | Version:  10
     \\/     M anipulation  |
\*---------------------------------------------------------------------------*/
FoamFile
{
    format      ascii;
    class       volScalarField;
    location    "0.1";
    object      gradTy;
}
// * * * * * * * * * * * * * * * * * * * * * * * * * * * * * * * * * * * * * //

dimensions      [0 -1 0 1 0 0 0];

internalField   nonuniform List<scalar> 
6400
(
0.0185707
0.0185842
0.0188555
0.0191924
0.0196604
0.0202543
0.0209558
0.0217488
0.0226592
0.0236634
0.0247641
0.0259439
0.0272043
0.0285699
0.0299597
0.03144
0.0330262
0.034602
0.036212
0.0379369
0.0397129
0.041472
0.0432453
0.0450812
0.0469711
0.0488763
0.0507782
0.0526863
0.0546158
0.0565707
0.0585439
0.0605256
0.0625099
0.0644956
0.0664839
0.0684763
0.0704735
0.0724752
0.0744804
0.0764883
0.078498
0.0805083
0.0825177
0.0845243
0.0865257
0.08852
0.0905065
0.0924861
0.094461
0.0964332
0.0984021
0.100363
0.102309
0.104233
0.106133
0.108013
0.109877
0.111722
0.113539
0.115315
0.117045
0.118735
0.120388
0.121997
0.123542
0.125016
0.12643
0.127781
0.129044
0.130224
0.131336
0.132337
0.133227
0.134032
0.134718
0.135339
0.13582
0.136182
0.136401
0.136513
0.0554801
0.0557422
0.0565121
0.0575398
0.0589603
0.0607366
0.0628441
0.0652364
0.0679431
0.0709575
0.0742834
0.07784
0.0815742
0.0856434
0.0899274
0.0943479
0.0989848
0.103769
0.108701
0.113831
0.119078
0.124371
0.129756
0.135281
0.140916
0.146599
0.152307
0.158055
0.163863
0.169729
0.175638
0.181571
0.187517
0.193475
0.199445
0.205429
0.211426
0.217433
0.223449
0.22947
0.235495
0.241519
0.24754
0.253554
0.259555
0.265541
0.271508
0.277458
0.283392
0.289313
0.295216
0.30109
0.306919
0.312691
0.3184
0.324051
0.329647
0.335178
0.340618
0.345944
0.351144
0.356225
0.361186
0.366003
0.370633
0.375061
0.37931
0.383367
0.387161
0.390688
0.394005
0.397042
0.399735
0.402133
0.404198
0.406004
0.407427
0.408524
0.409219
0.409561
0.0921788
0.0928074
0.0939789
0.0957307
0.0981556
0.101107
0.104562
0.108565
0.113137
0.118169
0.123635
0.129584
0.135881
0.142614
0.149777
0.157154
0.164818
0.172843
0.181141
0.189638
0.198313
0.207166
0.21621
0.22543
0.234779
0.244219
0.25374
0.26335
0.27305
0.282827
0.292661
0.302535
0.31244
0.322371
0.332328
0.342309
0.352309
0.362324
0.372349
0.382381
0.392415
0.402448
0.412475
0.42249
0.43249
0.442469
0.452423
0.462352
0.472254
0.482126
0.491958
0.501737
0.511444
0.521064
0.530592
0.540025
0.549357
0.558568
0.567625
0.5765
0.585182
0.593666
0.601936
0.609953
0.617669
0.625065
0.632152
0.638914
0.645253
0.65113
0.656629
0.661707
0.66623
0.670238
0.67371
0.67665
0.679
0.680817
0.682023
0.682605
0.128672
0.129538
0.131196
0.133706
0.137052
0.14117
0.146033
0.151652
0.158069
0.165136
0.172732
0.181056
0.189996
0.199404
0.209338
0.219709
0.230504
0.241742
0.253339
0.26522
0.277373
0.289797
0.302479
0.31538
0.328452
0.341664
0.355005
0.368474
0.382061
0.395746
0.409507
0.423325
0.43719
0.451096
0.465039
0.479013
0.493014
0.507034
0.521067
0.535109
0.549153
0.563194
0.577228
0.591247
0.605246
0.619218
0.633158
0.647063
0.660929
0.674749
0.688511
0.702196
0.715784
0.729256
0.742604
0.755819
0.768887
0.78178
0.794458
0.80689
0.819058
0.830947
0.842527
0.853748
0.864561
0.874934
0.884861
0.89432
0.903216
0.911476
0.91916
0.926244
0.932593
0.938242
0.943142
0.947249
0.950568
0.953086
0.954775
0.955599
0.164833
0.165889
0.168097
0.171373
0.175601
0.180872
0.187227
0.194492
0.202651
0.21175
0.221606
0.232297
0.2438
0.255915
0.268666
0.282034
0.295962
0.310412
0.325307
0.340589
0.356237
0.372235
0.388551
0.405135
0.421937
0.438929
0.456095
0.473424
0.490897
0.508491
0.526179
0.543943
0.56177
0.579651
0.59758
0.615548
0.633548
0.651573
0.669613
0.687663
0.705716
0.723767
0.741807
0.75983
0.777828
0.795793
0.813718
0.831599
0.849428
0.867197
0.884889
0.902483
0.919954
0.937282
0.954452
0.971452
0.988259
1.00484
1.02114
1.03714
1.0528
1.0681
1.08299
1.09743
1.11135
1.12471
1.13748
1.14964
1.1611
1.17176
1.18165
1.19074
1.1989
1.20619
1.2125
1.2178
1.22208
1.22531
1.22748
1.22855
0.20059
0.201871
0.204537
0.20853
0.213755
0.220204
0.227971
0.236902
0.246856
0.25797
0.270109
0.283192
0.29723
0.312067
0.327678
0.344049
0.361104
0.378772
0.396979
0.415676
0.43483
0.454407
0.474358
0.494629
0.51517
0.535948
0.556942
0.578132
0.599494
0.620997
0.642616
0.664327
0.686117
0.707974
0.729888
0.751849
0.773848
0.795875
0.817921
0.839979
0.86204
0.884098
0.906144
0.92817
0.950166
0.972124
0.994034
1.01589
1.03768
1.0594
1.08102
1.10253
1.12389
1.14507
1.16607
1.18686
1.20741
1.22768
1.24762
1.26718
1.28634
1.30506
1.32328
1.34093
1.35797
1.37434
1.38997
1.40482
1.41885
1.43194
1.44406
1.45516
1.46516
1.47407
1.48178
1.48827
1.49351
1.49746
1.50013
1.50144
0.235706
0.237287
0.240415
0.245083
0.25133
0.259011
0.26815
0.27873
0.290549
0.30369
0.318091
0.33359
0.350176
0.367747
0.386243
0.405625
0.425809
0.446705
0.468242
0.490366
0.513034
0.536194
0.559787
0.583752
0.608039
0.632609
0.657434
0.682488
0.707739
0.733154
0.758704
0.784363
0.810116
0.835947
0.861845
0.887797
0.913793
0.939821
0.965871
0.991934
1.018
1.04407
1.07012
1.09614
1.12213
1.14808
1.17398
1.19981
1.22556
1.25123
1.27679
1.30221
1.32745
1.3525
1.37732
1.40191
1.42621
1.45018
1.47376
1.4969
1.51957
1.54172
1.56327
1.58416
1.60432
1.62371
1.64222
1.65978
1.67637
1.6919
1.70626
1.71941
1.73127
1.74181
1.75095
1.75865
1.76486
1.76954
1.77271
1.77427
0.270151
0.272015
0.275647
0.281018
0.288251
0.297185
0.307723
0.319938
0.333657
0.348854
0.365503
0.383433
0.402596
0.422917
0.444315
0.466722
0.490043
0.514183
0.539065
0.564632
0.590824
0.617575
0.644817
0.672485
0.700525
0.728894
0.757556
0.786477
0.81562
0.844949
0.874431
0.90404
0.933756
0.963561
0.993442
1.02339
1.05338
1.0834
1.11346
1.14352
1.17359
1.20366
1.23371
1.26374
1.29373
1.32367
1.35354
1.38335
1.41307
1.44268
1.47218
1.50151
1.53065
1.55956
1.58822
1.6166
1.64466
1.67233
1.69956
1.72629
1.75249
1.77808
1.80298
1.82711
1.85041
1.87283
1.89424
1.91454
1.93371
1.95167
1.96828
1.9835
1.99723
2.00943
2.02002
2.02892
2.03613
2.04155
2.0452
2.04701
0.303887
0.305973
0.31013
0.316264
0.324455
0.334632
0.346616
0.360476
0.376103
0.393384
0.412288
0.432665
0.454434
0.477525
0.501841
0.527286
0.55376
0.581162
0.609409
0.638433
0.66816
0.698512
0.729414
0.760795
0.792598
0.824773
0.857278
0.89007
0.92311
0.956356
0.989773
1.02333
1.05701
1.09079
1.12466
1.15859
1.19257
1.2266
1.26065
1.29472
1.32879
1.36286
1.39691
1.43093
1.46492
1.49884
1.5327
1.56648
1.60017
1.63374
1.66716
1.70041
1.73345
1.76623
1.79873
1.83092
1.86274
1.89413
1.92502
1.95536
1.98508
2.01413
2.0424
2.06978
2.09624
2.1217
2.14603
2.1691
2.19087
2.21127
2.23014
2.24744
2.26306
2.27692
2.28897
2.29909
2.30728
2.31344
2.31759
2.31965
0.336778
0.339068
0.343742
0.350674
0.35983
0.371234
0.384702
0.400235
0.417773
0.437161
0.458339
0.481182
0.505586
0.531468
0.558718
0.58722
0.616867
0.647551
0.679182
0.711678
0.744953
0.778919
0.813492
0.848599
0.884175
0.920164
0.956516
0.993186
1.03013
1.06729
1.10465
1.14216
1.1798
1.21755
1.2554
1.29332
1.3313
1.36932
1.40737
1.44543
1.4835
1.52157
1.55962
1.59764
1.63561
1.67353
1.71137
1.74912
1.78677
1.82429
1.86166
1.89883
1.93576
1.97242
2.00877
2.04477
2.08037
2.11549
2.15005
2.184
2.21727
2.24978
2.28144
2.31211
2.34174
2.37026
2.39752
2.42338
2.44779
2.47066
2.49181
2.5112
2.52872
2.54426
2.55776
2.56912
2.5783
2.58522
2.58987
2.59219
0.36867
0.371197
0.376373
0.384105
0.394256
0.406887
0.421861
0.439099
0.458556
0.48007
0.503549
0.528881
0.555948
0.584644
0.614847
0.646428
0.67927
0.713258
0.748293
0.784278
0.821117
0.85871
0.896968
0.935812
0.975171
1.01498
1.05519
1.09574
1.13658
1.17767
1.21897
1.26043
1.30204
1.34377
1.38559
1.4275
1.46946
1.51147
1.55352
1.59558
1.63765
1.67971
1.72175
1.76376
1.80573
1.84763
1.88945
1.93118
1.97279
2.01426
2.05557
2.09666
2.1375
2.17804
2.21825
2.25807
2.29745
2.3363
2.37455
2.41213
2.44896
2.48497
2.52002
2.554
2.58683
2.61842
2.64864
2.67732
2.70439
2.72975
2.75321
2.77473
2.79415
2.8114
2.82638
2.839
2.84919
2.85687
2.86204
2.86462
0.399452
0.402266
0.407939
0.416452
0.427633
0.44151
0.458003
0.476975
0.498367
0.522028
0.54784
0.57569
0.605445
0.636981
0.670161
0.704846
0.740907
0.778225
0.816684
0.856178
0.896596
0.937833
0.979791
1.02239
1.06554
1.10918
1.15325
1.19769
1.24244
1.28746
1.33269
1.37811
1.42368
1.46938
1.51519
1.56107
1.60703
1.65303
1.69906
1.74511
1.79117
1.83723
1.88326
1.92926
1.97521
2.02109
2.06689
2.11259
2.15817
2.2036
2.24885
2.29387
2.33862
2.38304
2.42711
2.47076
2.51393
2.55654
2.5985
2.63972
2.68013
2.71964
2.75812
2.79544
2.83148
2.86617
2.89936
2.93089
2.96065
2.98852
3.01433
3.038
3.05937
3.07835
3.09483
3.10872
3.11994
3.1284
3.13409
3.13692
0.42905
0.432172
0.438352
0.447634
0.459872
0.475026
0.493049
0.513782
0.537134
0.562968
0.591146
0.621543
0.654016
0.688419
0.724605
0.762421
0.801731
0.842403
0.88431
0.927334
0.971352
1.01625
1.06192
1.10828
1.15524
1.20273
1.25067
1.299
1.34767
1.39661
1.44579
1.49517
1.5447
1.59437
1.64415
1.69402
1.74396
1.79394
1.84396
1.89401
1.94405
1.99409
2.04411
2.0941
2.14403
2.1939
2.24367
2.29334
2.34288
2.39227
2.44146
2.49042
2.53908
2.5874
2.63534
2.68283
2.72981
2.77618
2.82185
2.86674
2.91076
2.95378
2.9957
3.03639
3.07569
3.1135
3.14969
3.18409
3.21657
3.24698
3.27516
3.30101
3.32435
3.34509
3.3631
3.37827
3.39054
3.39978
3.406
3.4091
0.457378
0.460799
0.467507
0.477564
0.490877
0.507341
0.52691
0.549427
0.574771
0.602807
0.633386
0.666365
0.701586
0.738889
0.77811
0.819089
0.861679
0.905733
0.951115
0.997691
1.04533
1.09391
1.14332
1.19346
1.24424
1.29558
1.3474
1.39963
1.45222
1.5051
1.55822
1.61155
1.66506
1.7187
1.77245
1.8263
1.88021
1.93418
1.98818
2.04221
2.09624
2.15026
2.20427
2.25823
2.31215
2.36599
2.41974
2.47338
2.52688
2.58023
2.63337
2.68626
2.73884
2.79106
2.84288
2.89423
2.94502
2.99517
3.04458
3.09316
3.1408
3.18737
3.23276
3.27683
3.31942
3.3604
3.39962
3.43692
3.47213
3.50512
3.53571
3.56375
3.5891
3.61162
3.63118
3.64765
3.66098
3.67102
3.67777
3.68114
0.484327
0.488024
0.495283
0.506137
0.520538
0.538341
0.559479
0.583806
0.611176
0.64145
0.674465
0.710062
0.748066
0.788301
0.830594
0.87477
0.920671
0.968139
1.01702
1.06718
1.11846
1.17074
1.2239
1.27784
1.33246
1.38766
1.44337
1.49952
1.55603
1.61285
1.66992
1.72721
1.78467
1.84228
1.90001
1.95783
2.01572
2.07367
2.13165
2.18965
2.24766
2.30566
2.36364
2.42159
2.47948
2.53729
2.59502
2.65263
2.7101
2.7674
2.82449
2.88131
2.93782
2.99396
3.04966
3.10488
3.15951
3.21345
3.26662
3.3189
3.37019
3.42033
3.46921
3.5167
3.56262
3.60679
3.64908
3.68931
3.7273
3.7629
3.79593
3.8262
3.85358
3.8779
3.89904
3.91684
3.93124
3.9421
3.94939
3.95304
0.509772
0.513729
0.521561
0.53324
0.548741
0.567909
0.590644
0.61681
0.646243
0.678793
0.714284
0.752536
0.79336
0.836567
0.881969
0.929379
0.978627
1.02954
1.08196
1.13571
1.19067
1.24668
1.30361
1.36137
1.41983
1.47891
1.53852
1.59858
1.65903
1.71979
1.78082
1.84206
1.90349
1.96507
2.02677
2.08856
2.15042
2.21234
2.27429
2.33626
2.39825
2.46022
2.52217
2.58409
2.64595
2.70774
2.76943
2.83101
2.89244
2.9537
3.01474
3.07551
3.13596
3.19601
3.25561
3.3147
3.37318
3.43094
3.48788
3.54389
3.59886
3.65261
3.70501
3.75594
3.80521
3.85261
3.89802
3.94123
3.98204
4.02029
4.05578
4.08833
4.11778
4.14393
4.16667
4.18583
4.20132
4.21301
4.22086
4.22479
0.533593
0.53781
0.54623
0.558761
0.575379
0.595936
0.6203
0.64834
0.679877
0.714744
0.752751
0.793699
0.837386
0.883606
0.932158
0.982843
1.03547
1.08987
1.14585
1.20324
1.26189
1.32165
1.38238
1.44397
1.5063
1.56927
1.63279
1.69678
1.76116
1.82587
1.89085
1.95606
2.02145
2.08699
2.15265
2.21841
2.28424
2.35013
2.41604
2.48198
2.54793
2.61387
2.67979
2.74567
2.8115
2.87726
2.94292
3.00846
3.07385
3.13907
3.20407
3.26879
3.33317
3.39715
3.46066
3.52364
3.58599
3.64758
3.70831
3.76808
3.82675
3.88413
3.94009
3.99449
4.04715
4.09783
4.14639
4.19263
4.2363
4.27724
4.31525
4.35011
4.38166
4.40969
4.43407
4.45461
4.47122
4.48376
4.49218
4.4964
0.555679
0.560171
0.569188
0.582595
0.600351
0.622322
0.648354
0.678306
0.71199
0.749218
0.789785
0.833476
0.88007
0.929348
0.981095
1.0351
1.09115
1.14906
1.20864
1.2697
1.33208
1.39561
1.46016
1.52561
1.59182
1.65869
1.72614
1.79406
1.86238
1.93105
1.99998
2.06915
2.1385
2.20801
2.27763
2.34735
2.41714
2.48699
2.55687
2.62677
2.69667
2.76657
2.83645
2.90629
2.97608
3.0458
3.11542
3.18492
3.25428
3.32346
3.39241
3.46109
3.52941
3.59733
3.66476
3.73165
3.79788
3.86332
3.92787
3.99141
4.05382
4.11487
4.17442
4.23234
4.28842
4.34242
4.39417
4.44347
4.49005
4.53375
4.57431
4.61153
4.64523
4.67518
4.70123
4.72318
4.74094
4.75435
4.76335
4.76787
0.575928
0.580716
0.590333
0.604638
0.623557
0.646974
0.674713
0.706621
0.742497
0.782134
0.825309
0.871791
0.921342
0.973727
1.02872
1.08608
1.14561
1.20708
1.27029
1.33505
1.40118
1.46852
1.53692
1.60623
1.67635
1.74714
1.81852
1.89038
1.96266
2.03528
2.10818
2.1813
2.25462
2.32808
2.40167
2.47534
2.54909
2.62288
2.69671
2.77056
2.84442
2.91827
2.9921
3.0659
3.13964
3.21332
3.2869
3.36036
3.43368
3.50682
3.57973
3.65236
3.72464
3.7965
3.86787
3.93868
4.00881
4.07813
4.14651
4.21386
4.28002
4.34479
4.40797
4.46944
4.52899
4.58634
4.64134
4.69375
4.74329
4.78978
4.83296
4.87259
4.90848
4.94038
4.96814
4.99155
5.01048
5.02478
5.03438
5.03919
0.594231
0.599333
0.609557
0.62478
0.644893
0.66979
0.69928
0.733191
0.771308
0.813405
0.859241
0.908566
0.961128
1.01667
1.07496
1.13573
1.19877
1.26384
1.33073
1.39923
1.46915
1.54032
1.61259
1.68581
1.75984
1.83457
1.90989
1.98571
2.06195
2.13852
2.21538
2.29247
2.36975
2.44717
2.5247
2.60233
2.68002
2.75777
2.83554
2.91333
2.99113
3.06893
3.1467
3.22445
3.30214
3.37976
3.4573
3.53472
3.61199
3.68909
3.76597
3.84256
3.9188
3.99461
4.06993
4.14467
4.21872
4.29194
4.36419
4.43537
4.50533
4.57384
4.6407
4.70577
4.76882
4.82959
4.88788
4.94345
4.996
5.04534
5.09117
5.13327
5.1714
5.2053
5.23481
5.2597
5.27983
5.29505
5.30525
5.31037
0.610472
0.6159
0.626743
0.642905
0.664248
0.690665
0.721951
0.757915
0.798325
0.842937
0.89149
0.943717
0.999347
1.05811
1.11974
1.18399
1.25059
1.3193
1.3899
1.46218
1.53593
1.61097
1.68713
1.76427
1.84224
1.92092
2.0002
2.07999
2.16019
2.24073
2.32156
2.4026
2.48383
2.56521
2.64669
2.72826
2.8099
2.89158
2.97329
3.05502
3.13675
3.21848
3.30019
3.38187
3.4635
3.54507
3.62656
3.70793
3.78916
3.87022
3.95106
4.03162
4.11183
4.1916
4.27088
4.34957
4.42756
4.5047
4.58085
4.65589
4.72967
4.80196
4.87255
4.94126
5.00788
5.0721
5.13374
5.19253
5.24814
5.30039
5.34894
5.39355
5.43397
5.46993
5.50123
5.52764
5.549
5.56515
5.57599
5.58142
0.624528
0.630291
0.641767
0.658894
0.681507
0.709486
0.742618
0.780688
0.823448
0.870634
0.921965
0.977156
1.03592
1.09796
1.163
1.23076
1.30098
1.37339
1.44775
1.52385
1.60146
1.6804
1.76048
1.84157
1.9235
2.00615
2.0894
2.17316
2.25733
2.34185
2.42663
2.51164
2.59683
2.68215
2.76758
2.85309
2.93865
3.02426
3.1099
3.19555
3.28121
3.36686
3.4525
3.53811
3.62367
3.70918
3.79461
3.87993
3.96512
4.05013
4.13494
4.21947
4.30365
4.3874
4.47064
4.5533
4.63526
4.71635
4.79642
4.87535
4.95299
5.02911
5.10346
5.17587
5.2461
5.31385
5.37889
5.44095
5.4997
5.55491
5.60623
5.65342
5.69618
5.73425
5.76739
5.79536
5.81799
5.83511
5.84659
5.85235
0.636271
0.642376
0.654509
0.672629
0.696552
0.72614
0.76117
0.801403
0.846574
0.896398
0.950574
1.0088
1.07075
1.13614
1.20465
1.27599
1.34988
1.42604
1.50421
1.58417
1.66568
1.74855
1.83259
1.91765
2.00356
2.09019
2.17743
2.26517
2.35332
2.44181
2.53057
2.61954
2.70867
2.79794
2.8873
2.97674
3.06623
3.15576
3.24531
3.33488
3.42444
3.51401
3.60356
3.69309
3.78258
3.87202
3.96138
4.05065
4.13978
4.22876
4.31753
4.40604
4.4942
4.58193
4.66916
4.75581
4.84174
4.9268
5.01084
5.0937
5.17523
5.25521
5.33338
5.40954
5.48344
5.55476
5.62328
5.68868
5.75062
5.80886
5.86303
5.91286
5.95803
5.99826
6.03329
6.06287
6.08681
6.10492
6.11707
6.12317
0.645576
0.652031
0.664848
0.683993
0.709268
0.740516
0.777499
0.819958
0.867606
0.920137
0.977229
1.03855
1.10378
1.17258
1.24463
1.31961
1.39723
1.47719
1.55922
1.64308
1.72854
1.81538
1.90341
1.99246
2.08237
2.17301
2.26425
2.35598
2.44812
2.54058
2.63331
2.72623
2.81932
2.91252
3.00581
3.09917
3.19257
3.28601
3.37947
3.47293
3.5664
3.65987
3.75333
3.84676
3.94017
4.03353
4.12682
4.22002
4.31311
4.40604
4.49878
4.59126
4.68341
4.77514
4.86637
4.95701
5.04695
5.13601
5.22404
5.31086
5.39633
5.48021
5.56224
5.64221
5.71984
5.79481
5.86687
5.93568
6.00089
6.06223
6.11932
6.17185
6.2195
6.26195
6.29894
6.33018
6.35547
6.3746
6.38744
6.39389
0.652319
0.659136
0.672665
0.69287
0.719544
0.752505
0.791501
0.836251
0.886448
0.941761
1.00185
1.06635
1.13492
1.20721
1.28287
1.36156
1.44296
1.52678
1.61273
1.70055
1.78999
1.88083
1.97288
2.06595
2.15989
2.25455
2.3498
2.44554
2.54167
2.63812
2.73481
2.83169
2.92872
3.02585
3.12306
3.22033
3.31764
3.41497
3.51232
3.60968
3.70703
3.80439
3.90174
3.99907
4.09638
4.19365
4.29086
4.38799
4.48502
4.58191
4.67861
4.77508
4.87122
4.96696
5.0622
5.15686
5.25082
5.34391
5.43596
5.52679
5.61624
5.70407
5.79002
5.87385
5.95527
6.03396
6.10962
6.18191
6.25048
6.315
6.37508
6.4304
6.48059
6.52534
6.56434
6.59729
6.62397
6.64417
6.65772
6.66453
0.656378
0.66357
0.67784
0.699143
0.727263
0.761995
0.80307
0.850184
0.903006
0.961183
1.02434
1.09211
1.16411
1.23996
1.3193
1.40177
1.48704
1.57478
1.6647
1.75652
1.84999
1.94487
2.04097
2.1381
2.23609
2.33479
2.43407
2.53382
2.63395
2.73438
2.83504
2.93587
3.03683
3.13789
3.23901
3.34018
3.44138
3.5426
3.64382
3.74505
3.84629
3.94752
4.04874
4.14996
4.25116
4.35233
4.45345
4.55451
4.65548
4.75631
4.85699
4.95743
5.05758
5.15733
5.25661
5.3553
5.4533
5.55045
5.64656
5.74144
5.83491
5.92674
6.01666
6.10441
6.18969
6.27216
6.3515
6.42736
6.49936
6.56714
6.6303
6.68848
6.74131
6.78842
6.8295
6.86423
6.89235
6.91364
6.92794
6.93512
0.657628
0.665209
0.680251
0.702693
0.73231
0.768875
0.812099
0.861656
0.917188
0.978315
1.04464
1.11576
1.19127
1.27078
1.35388
1.4402
1.5294
1.62112
1.71507
1.81094
1.90849
2.00746
2.10765
2.20886
2.31092
2.41367
2.517
2.62077
2.72491
2.82933
2.93395
3.03873
3.14363
3.2486
3.35362
3.45868
3.56376
3.66884
3.77393
3.87902
3.98411
4.0892
4.19429
4.29938
4.40446
4.50952
4.61454
4.71952
4.82441
4.9292
5.03384
5.13827
5.24242
5.34621
5.44952
5.55227
5.65434
5.75557
5.85577
5.95474
6.05229
6.14818
6.24212
6.33385
6.42306
6.50938
6.59249
6.672
6.74751
6.81865
6.88497
6.94611
7.00164
7.0512
7.09443
7.13099
7.16061
7.18305
7.19811
7.20567
0.655937
0.663924
0.679768
0.703391
0.734562
0.773027
0.818479
0.870563
0.928896
0.993068
1.06265
1.13722
1.21634
1.29958
1.38653
1.47679
1.56999
1.66577
1.7638
1.86379
1.96546
2.06856
2.17287
2.27819
2.38434
2.49118
2.59855
2.70637
2.81451
2.92292
3.03151
3.14024
3.24905
3.35793
3.46685
3.57578
3.68472
3.79366
3.9026
4.01154
4.12047
4.2294
4.33834
4.44728
4.55622
4.66516
4.77408
4.88296
4.99178
5.10051
5.20911
5.31753
5.4257
5.53351
5.64089
5.74772
5.85388
5.95922
6.06354
6.16664
6.26832
6.36831
6.46635
6.56213
6.65534
6.7456
6.83255
6.9158
6.99492
7.0695
7.13909
7.20327
7.2616
7.31369
7.35915
7.39761
7.42878
7.4524
7.46826
7.47622
0.65117
0.659576
0.676256
0.701108
0.733892
0.774333
0.822096
0.8768
0.93803
1.00535
1.0783
1.15641
1.23923
1.32631
1.4172
1.51147
1.60875
1.70866
1.81084
1.915
2.02085
2.12812
2.23659
2.34605
2.45633
2.56725
2.6787
2.79056
2.90272
3.01511
3.12767
3.24034
3.35307
3.46585
3.57864
3.69143
3.80422
3.917
4.02977
4.14253
4.25529
4.36805
4.48082
4.5936
4.70639
4.81919
4.93199
5.04476
5.1575
5.27017
5.38274
5.49514
5.60733
5.71919
5.83064
5.94156
6.05184
6.16132
6.2698
6.37708
6.48293
6.5871
6.68928
6.78919
6.88648
6.98076
7.07165
7.15873
7.24155
7.31968
7.39263
7.45995
7.52119
7.5759
7.62366
7.66411
7.69689
7.72174
7.73843
7.74681
0.643182
0.652024
0.669573
0.695706
0.730172
0.772668
0.822833
0.880256
0.94449
1.01506
1.09148
1.17325
1.25988
1.35089
1.44581
1.5442
1.64564
1.74975
1.85615
1.96454
2.07462
2.1861
2.29877
2.4124
2.52682
2.64187
2.7574
2.8733
2.98949
3.10587
3.22239
3.33899
3.45563
3.57229
3.68895
3.80559
3.92221
4.03881
4.1554
4.27197
4.38853
4.5051
4.62168
4.73828
4.8549
4.97155
5.08821
5.20488
5.32152
5.43812
5.55465
5.67104
5.78725
5.90317
6.0187
6.13374
6.24816
6.36181
6.47449
6.58598
6.69606
6.80446
6.91087
7.01498
7.11643
7.21481
7.30974
7.40075
7.48738
7.56916
7.64558
7.71616
7.7804
7.83783
7.88799
7.93049
7.96496
7.99109
8.00864
8.01746
0.631824
0.64112
0.659576
0.687047
0.723267
0.767906
0.820573
0.880823
0.948173
1.02212
1.10212
1.18767
1.27822
1.37327
1.47232
1.57491
1.6806
1.78899
1.89969
2.01237
2.12672
2.24247
2.35937
2.47721
2.5958
2.71497
2.8346
2.95457
3.07478
3.19515
3.31563
3.43615
3.55669
3.67722
3.79773
3.9182
4.03864
4.15904
4.27942
4.39978
4.52013
4.64048
4.76086
4.88126
5.0017
5.12218
5.24269
5.36323
5.48377
5.6043
5.72478
5.84516
5.96539
6.08537
6.20501
6.32418
6.44277
6.56062
6.67753
6.79329
6.90765
7.02034
7.13105
7.23943
7.34513
7.44772
7.54678
7.64183
7.73238
7.81793
7.89794
7.97188
8.03924
8.09949
8.15216
8.1968
8.23302
8.26049
8.27896
8.28823
0.616943
0.626713
0.646118
0.67499
0.713044
0.759921
0.815196
0.878389
0.948978
1.02642
1.11014
1.19957
1.29417
1.39337
1.49667
1.60356
1.71359
1.82633
1.9414
2.05843
2.17712
2.29718
2.41835
2.54043
2.66321
2.78654
2.91028
3.03432
3.15856
3.28292
3.40734
3.53178
3.65621
3.7806
3.90494
4.02923
4.15346
4.27764
4.40179
4.52591
4.65003
4.77415
4.8983
5.02248
5.14672
5.27101
5.39535
5.51975
5.64418
5.76863
5.89306
6.01743
6.14168
6.26573
6.38948
6.51281
6.6356
6.75768
6.87886
6.99893
7.11763
7.23467
7.34975
7.46249
7.57253
7.67943
7.78273
7.88193
7.97653
8.06596
8.14968
8.22712
8.29771
8.36091
8.41619
8.46307
8.50112
8.53
8.54941
8.55916
0.598382
0.608649
0.629049
0.65939
0.699366
0.748583
0.806583
0.872844
0.946803
1.02787
1.11544
1.2089
1.30766
1.41114
1.51879
1.63009
1.74456
1.86175
1.98125
2.10271
2.22579
2.3502
2.47569
2.60203
2.72904
2.85654
2.9844
3.11251
3.24078
3.36913
3.4975
3.62585
3.75415
3.88238
4.01054
4.13861
4.26662
4.39457
4.52246
4.65033
4.77819
4.90605
5.03395
5.16189
5.2899
5.41799
5.54615
5.67439
5.8027
5.93105
6.05942
6.18778
6.31606
6.44419
6.57206
6.69957
6.82657
6.95292
7.07841
7.20283
7.32593
7.4474
7.56691
7.68411
7.79858
7.90988
8.01754
8.12102
8.21978
8.31324
8.40081
8.48188
8.55584
8.6221
8.6801
8.72932
8.7693
8.79965
8.82005
8.83031
0.57598
0.58677
0.608216
0.640102
0.682093
0.733764
0.794615
0.864079
0.941549
1.02639
1.11795
1.21558
1.31864
1.42652
1.53865
1.65446
1.77346
1.89519
2.01921
2.14516
2.27269
2.40151
2.53135
2.662
2.79325
2.92494
3.05694
3.18913
3.32142
3.45375
3.58606
3.71831
3.85047
3.98252
4.11448
4.24633
4.37809
4.50977
4.64139
4.77298
4.90455
5.03613
5.16775
5.29944
5.4312
5.56305
5.69502
5.82708
5.95925
6.0915
6.22381
6.35614
6.48845
6.62066
6.75267
6.88437
7.01562
7.14627
7.27612
7.40494
7.53248
7.65844
7.78248
7.90421
8.02322
8.13904
8.25117
8.35906
8.46212
8.55975
8.65131
8.73615
8.81362
8.88309
8.94394
8.99561
9.03761
9.0695
9.09095
9.10173
0.549571
0.560913
0.583462
0.616974
0.661085
0.715331
0.779168
0.851982
0.933116
1.02188
1.11759
1.21953
1.32704
1.43947
1.55619
1.67663
1.80028
1.92663
2.05526
2.18576
2.31781
2.45108
2.58532
2.7203
2.85582
2.99171
3.12785
3.26413
3.40046
3.53677
3.673
3.80913
3.94513
4.081
4.21673
4.35233
4.48782
4.62321
4.75853
4.89381
5.02907
5.16435
5.29967
5.43506
5.57055
5.70616
5.8419
5.97777
6.11378
6.24991
6.38615
6.52246
6.6588
6.7951
6.93125
7.06716
7.20268
7.33766
7.47191
7.60518
7.73724
7.86776
7.99639
8.12275
8.24641
8.36686
8.48359
8.59602
8.70353
8.80547
8.90118
8.98995
9.07108
9.1439
9.20774
9.26199
9.3061
9.33961
9.36217
9.37351
0.518984
0.530912
0.554624
0.589851
0.636195
0.693149
0.760119
0.836442
0.921405
1.01427
1.11428
1.2207
1.33281
1.44992
1.57137
1.69657
1.82496
1.95604
2.08935
2.22449
2.36111
2.49889
2.63756
2.7769
2.91672
3.05684
3.19713
3.3375
3.47786
3.61813
3.75829
3.89829
4.03811
4.17777
4.31725
4.45658
4.59577
4.73484
4.87384
5.01278
5.1517
5.29064
5.42964
5.56871
5.7079
5.84724
5.98673
6.1264
6.26623
6.40624
6.54639
6.68667
6.82703
6.96742
7.10773
7.24787
7.38768
7.52703
7.66571
7.80349
7.94011
8.07527
8.20859
8.33967
8.46807
8.59328
8.71474
8.83185
8.94397
9.05039
9.15041
9.24327
9.32824
9.40456
9.47153
9.52849
9.57484
9.61007
9.63378
9.64571
0.484041
0.496589
0.521532
0.55857
0.60727
0.667076
0.737341
0.817344
0.906313
1.00345
1.10795
1.21902
1.33589
1.45783
1.58416
1.71424
1.8475
1.9834
2.12148
2.26133
2.40258
2.54492
2.68807
2.83181
2.97593
3.12029
3.26475
3.40921
3.55359
3.69783
3.84189
3.98574
4.12938
4.27279
4.41601
4.55903
4.7019
4.84463
4.98727
5.12985
5.2724
5.41498
5.55761
5.70034
5.84321
5.98624
6.12947
6.2729
6.41654
6.5604
6.70446
6.8487
6.99309
7.13756
7.28204
7.42641
7.57055
7.71429
7.85745
7.99979
8.14105
8.28091
8.419
8.55491
8.68817
8.81826
8.94459
9.06654
9.18342
9.29449
9.39899
9.49613
9.5851
9.66511
9.73538
9.79519
9.84389
9.88093
9.90588
9.91843
0.444552
0.457759
0.484008
0.522964
0.574153
0.636968
0.710704
0.794573
0.887742
0.989348
1.09853
1.21443
1.33623
1.46317
1.59452
1.72961
1.86784
2.00867
2.15162
2.29625
2.4422
2.58914
2.73681
2.88498
3.03345
3.18206
3.33069
3.47924
3.62764
3.77583
3.92378
4.07147
4.21889
4.36605
4.51297
4.65966
4.80618
4.95254
5.09878
5.24496
5.39112
5.53729
5.68354
5.8299
5.97641
6.12311
6.27004
6.41722
6.56465
6.71234
6.86029
7.00849
7.15689
7.30546
7.45411
7.60273
7.75121
7.89938
8.04706
8.19401
8.33996
8.4846
8.62755
8.76839
8.90663
9.04173
9.17309
9.30003
9.42184
9.53775
9.64693
9.74854
9.84171
9.92558
9.99932
10.0621
10.1133
10.1523
10.1785
10.1917
0.400322
0.41423
0.441864
0.482854
0.536681
0.602678
0.680073
0.768012
0.865588
0.97187
1.08593
1.20686
1.33378
1.46589
1.60241
1.74265
1.88599
2.03185
2.17975
2.32924
2.47995
2.63156
2.78379
2.93641
3.08923
3.24211
3.39491
3.54756
3.69997
3.85211
4.00393
4.15543
4.30662
4.45749
4.60809
4.75843
4.90855
5.05851
5.20833
5.35808
5.5078
5.65754
5.80737
5.95732
6.10745
6.25779
6.4084
6.55929
6.71049
6.862
7.01382
7.16596
7.31837
7.47103
7.62385
7.77674
7.92958
8.08221
8.23445
8.38606
8.53678
8.68628
8.83418
8.98006
9.1234
9.26365
9.40017
9.53228
9.65921
9.78014
9.89421
10.0005
10.0981
10.186
10.2634
10.3294
10.3832
10.4242
10.4519
10.4658
0.351141
0.365796
0.394904
0.438057
0.494682
0.564049
0.645313
0.737542
0.83975
0.950934
1.07009
1.19625
1.32849
1.46594
1.6078
1.75334
1.9019
2.05291
2.20586
2.36029
2.51583
2.67214
2.82897
2.98608
3.14328
3.30044
3.45742
3.61415
3.77057
3.92663
4.08232
4.23761
4.39253
4.5471
4.70134
4.85529
5.009
5.16251
5.31587
5.46915
5.6224
5.77568
5.92905
6.08256
6.23627
6.39022
6.54447
6.69905
6.85399
7.0093
7.16498
7.32104
7.47746
7.6342
7.7912
7.94837
8.10559
8.26271
8.41955
8.57588
8.73142
8.88586
9.03881
9.18982
9.33839
9.48394
9.6258
9.76325
9.8955
10.0217
10.1408
10.252
10.3542
10.4465
10.5277
10.5971
10.6537
10.6969
10.726
10.7406
0.29679
0.312243
0.342922
0.38838
0.447982
0.520925
0.606285
0.703042
0.810128
0.926455
1.05095
1.18256
1.32032
1.4633
1.61067
1.76165
1.91558
2.07185
2.22993
2.38938
2.54981
2.71089
2.87236
3.03398
3.19558
3.35702
3.51819
3.679
3.83941
3.99939
4.15891
4.31797
4.4766
4.63483
4.79268
4.95021
5.10746
5.26449
5.42136
5.57814
5.73488
5.89165
6.04852
6.20556
6.36281
6.52034
6.67821
6.83645
6.99509
7.15417
7.31369
7.47367
7.63408
7.7949
7.95608
8.11754
8.27915
8.44079
8.60226
8.76336
8.92379
9.08325
9.24134
9.39762
9.55155
9.70253
9.8499
9.99289
10.1306
10.2623
10.3868
10.5031
10.6102
10.7069
10.7923
10.8653
10.9249
10.9703
11.001
11.0165
0.237038
0.253343
0.285703
0.33362
0.396395
0.473143
0.562847
0.664394
0.776621
0.898352
1.02843
1.16574
1.30924
1.45795
1.611
1.76758
1.92701
2.08865
2.25197
2.41652
2.58191
2.7478
2.91394
3.0801
3.24612
3.41185
3.57719
3.74209
3.90648
4.07035
4.23368
4.39649
4.5588
4.72065
4.88208
5.04315
5.20391
5.36442
5.52476
5.68499
5.84518
6.00541
6.16575
6.32626
6.48702
6.6481
6.80954
6.97141
7.13374
7.29656
7.45989
7.62376
7.78815
7.95305
8.11841
8.28416
8.45018
8.61636
8.78251
8.94842
9.11382
9.27837
9.4417
9.60335
9.76278
9.91937
10.0724
10.2211
10.3646
10.5019
10.632
10.7538
10.866
10.9675
11.0572
11.134
11.1968
11.2447
11.2771
11.2934
0.171638
0.188858
0.223019
0.273569
0.339734
0.420535
0.514856
0.621477
0.739133
0.866549
1.00248
1.14573
1.2952
1.44985
1.60877
1.77112
1.93618
2.10332
2.27198
2.44171
2.61211
2.78287
2.95372
3.12444
3.29489
3.46491
3.63444
3.80339
3.97175
4.13949
4.30661
4.47314
4.6391
4.80454
4.96951
5.13408
5.29831
5.46226
5.62602
5.78967
5.95327
6.11691
6.28067
6.44462
6.60885
6.77343
6.93842
7.10387
7.26985
7.43639
7.60351
7.77125
7.93961
8.10857
8.27811
8.44815
8.6186
8.78934
8.96021
9.13098
9.3014
9.47113
9.6398
9.80694
9.97201
10.1344
10.2933
10.4479
10.5974
10.7407
10.8766
11.004
11.1217
11.2283
11.3226
11.4034
11.4696
11.5201
11.5543
11.5715
0.100332
0.118535
0.154631
0.208007
0.2778
0.362931
0.462166
0.574172
0.697567
0.830971
0.973041
1.12251
1.27819
1.439
1.60398
1.77226
1.94311
2.11585
2.28995
2.46494
2.64043
2.81609
2.99169
3.167
3.34188
3.51621
3.6899
3.86291
4.03522
4.2068
4.37769
4.5479
4.71747
4.88646
5.05494
5.22297
5.39062
5.55797
5.72511
5.89212
6.05909
6.22609
6.39323
6.56059
6.72824
6.89628
7.06477
7.23378
7.40337
7.57359
7.74448
7.91607
8.08837
8.26139
8.43509
8.60943
8.78432
8.95965
9.13526
9.31094
9.48644
9.66144
9.83555
10.0083
10.1791
10.3474
10.5124
10.6732
10.8289
10.9784
11.1204
11.2539
11.3773
11.4893
11.5885
11.6736
11.7434
11.7968
11.8329
11.8511
0.0228426
0.0421062
0.0802874
0.136702
0.21039
0.300153
0.404631
0.52236
0.651831
0.791549
0.940069
1.09603
1.25818
1.42539
1.59663
1.77102
1.94779
2.12627
2.30591
2.48624
2.66687
2.84749
3.02786
3.20777
3.3871
3.56573
3.74358
3.92063
4.09686
4.27227
4.44688
4.62074
4.79389
4.9664
5.13834
5.30978
5.48081
5.65152
5.82199
5.99232
6.1626
6.33293
6.5034
6.67411
6.84514
7.01659
7.18855
7.36107
7.53424
7.70811
7.88273
8.05814
8.23436
8.41142
8.58928
8.76792
8.94726
9.12719
9.30757
9.48822
9.66886
9.8492
10.0289
10.2073
10.3841
10.5585
10.7297
10.8969
11.0591
11.2151
11.3636
11.5033
11.6328
11.7505
11.855
11.9448
12.0185
12.0749
12.1131
12.1323
-0.0611241
-0.0407136
-0.000279739
0.0594116
0.137289
0.23202
0.342102
0.465923
0.601837
0.748222
0.903521
1.06628
1.23518
1.40901
1.58673
1.7674
1.95025
2.13459
2.31986
2.50561
2.69144
2.87706
3.06223
3.24677
3.43055
3.61347
3.79548
3.97655
4.15667
4.33588
4.51419
4.69166
4.86834
5.04432
5.21968
5.39449
5.56885
5.74286
5.91661
6.09022
6.26376
6.43736
6.61112
6.78513
6.9595
7.13432
7.30969
7.48569
7.66239
7.83987
8.01819
8.19739
8.37752
8.55859
8.7406
8.92353
9.10732
9.29187
9.47706
9.6627
9.84855
10.0343
10.2196
10.404
10.5868
10.7675
10.9452
11.119
11.2879
11.4507
11.606
11.7524
11.8883
12.0121
12.1222
12.2169
12.2948
12.3545
12.395
12.4154
-0.151883
-0.130229
-0.0873543
-0.0241199
0.0582744
0.158346
0.274427
0.404745
0.5475
0.70093
0.863363
1.03325
1.20917
1.38989
1.57429
1.76143
1.95051
2.14083
2.33184
2.52308
2.71418
2.90483
3.09483
3.28401
3.47224
3.65944
3.84559
4.03065
4.21465
4.39761
4.57958
4.76062
4.9408
5.12021
5.29893
5.47706
5.65471
5.83197
6.00896
6.18577
6.36254
6.53936
6.71634
6.89361
7.07126
7.2494
7.42814
7.60757
7.78777
7.96882
8.15079
8.33375
8.51775
8.70282
8.88897
9.07618
9.26442
9.45361
9.64363
9.83431
10.0254
10.2167
10.4077
10.598
10.7871
10.9743
11.1587
11.3394
11.5153
11.6852
11.8476
12.001
12.1438
12.2741
12.3902
12.4903
12.5727
12.6359
12.6788
12.7005
-0.249774
-0.226766
-0.181239
-0.114164
-0.0268861
0.0789373
0.201455
0.338713
0.48874
0.649626
0.819568
0.996913
1.18017
1.36803
1.55934
1.75314
1.9486
2.14503
2.34188
2.53868
2.73509
2.93082
3.12567
3.31949
3.51217
3.70365
3.89391
4.08294
4.27078
4.45747
4.64306
4.82763
5.01126
5.19404
5.37608
5.55748
5.73835
5.91881
6.09898
6.27896
6.45888
6.63886
6.81903
6.99949
7.18037
7.36179
7.54385
7.72665
7.9103
8.09488
8.28047
8.46715
8.65499
8.84403
9.03429
9.22578
9.41847
9.6123
9.80717
10.0029
10.1994
10.3962
10.593
10.7895
10.9849
11.1787
11.3701
11.5579
11.7412
11.9185
12.0884
12.2493
12.3994
12.5366
12.6591
12.765
12.8523
12.9194
12.9649
12.9879
-0.355162
-0.330675
-0.282259
-0.211007
-0.118437
-0.00640359
0.123034
0.267715
0.425484
0.594266
0.772121
0.957288
1.14819
1.34347
1.54192
1.74257
1.94456
2.14723
2.35
2.55244
2.75422
2.95506
3.15477
3.35324
3.55036
3.7461
3.94045
4.13342
4.32507
4.51544
4.7046
4.89265
5.07968
5.26579
5.45109
5.63571
5.81976
6.00336
6.18664
6.36973
6.55276
6.73585
6.91913
7.10274
7.2868
7.47143
7.65675
7.84288
8.02993
8.21799
8.40716
8.59752
8.78916
8.98214
9.17649
9.37224
9.56937
9.76785
9.96758
10.1684
10.3702
10.5727
10.7755
10.9782
11.1802
11.3808
11.5793
11.7745
11.9654
12.1506
12.3285
12.4972
12.655
12.7997
12.9291
13.0412
13.1338
13.205
13.2535
13.278
-0.468442
-0.442337
-0.390761
-0.314955
-0.216634
-0.0978809
0.0390085
0.191646
0.357667
0.53482
0.721019
0.914388
1.11327
1.31624
1.52207
1.72975
1.93844
2.14746
2.35626
2.56441
2.77159
2.97756
3.18216
3.38527
3.58682
3.7868
3.98521
4.18209
4.3775
4.57151
4.76421
4.95569
5.14606
5.33544
5.52396
5.71173
5.89889
6.08558
6.27192
6.45805
6.64412
6.83026
7.01661
7.2033
7.39047
7.57826
7.7668
7.9562
8.14659
8.33809
8.53078
8.72479
8.92019
9.11707
9.31549
9.51547
9.71703
9.92015
10.1248
10.3308
10.538
10.7462
10.955
11.164
11.3727
11.5804
11.7862
11.9892
12.188
12.3814
12.5676
12.7447
12.9108
13.0634
13.2003
13.3191
13.4174
13.4932
13.5448
13.5709
-0.590045
-0.562161
-0.50712
-0.426333
-0.321747
-0.195704
-0.0507722
0.110405
0.285233
0.471267
0.666267
0.868242
1.07545
1.2864
1.49985
1.71477
1.9303
2.14579
2.3607
2.57462
2.78725
2.99838
3.20786
3.4156
3.62157
3.82576
4.0282
4.22895
4.42809
4.62569
4.82186
5.01672
5.21039
5.40298
5.59465
5.78551
5.97573
6.16543
6.35477
6.54389
6.73294
6.92206
7.11141
7.30113
7.49136
7.68225
7.87393
8.06655
8.26024
8.4551
8.65128
8.84887
9.048
9.24874
9.45119
9.65538
9.86136
10.0691
10.2786
10.4898
10.7024
10.9164
11.1313
11.3468
11.5624
11.7773
11.9907
12.2017
12.4089
12.6108
12.8058
12.9918
13.1667
13.3279
13.4728
13.5989
13.7035
13.7843
13.8393
13.8672
-0.720442
-0.690596
-0.631741
-0.545489
-0.434056
-0.300087
-0.146459
0.0238975
0.208135
0.403601
0.60789
0.818892
1.03478
1.25402
1.47533
1.69767
1.92021
2.14228
2.36338
2.58312
2.80124
3.01754
3.2319
3.44427
3.65463
3.86301
4.06944
4.27401
4.47682
4.67796
4.87756
5.07574
5.27264
5.46839
5.66314
5.85704
6.05024
6.2429
6.43518
6.62721
6.81918
7.01122
7.2035
7.39617
7.5894
7.78332
7.9781
8.17388
8.37079
8.56898
8.76857
8.96971
9.1725
9.37707
9.58351
9.79188
10.0022
10.2146
10.429
10.6454
10.8635
11.0833
11.3044
11.5265
11.749
11.9714
12.1927
12.4119
12.6278
12.8388
13.043
13.2385
13.4227
13.5931
13.7467
13.8807
13.9922
14.0785
14.1373
14.1672
-0.860147
-0.82813
-0.76506
-0.672793
-0.553856
-0.411249
-0.248198
-0.0679584
0.126344
0.33183
0.545927
0.766399
0.991341
1.21917
1.44859
1.67855
1.90823
2.13699
2.36436
2.58998
2.81361
3.03509
3.25433
3.47131
3.68603
3.89855
4.10893
4.31728
4.5237
4.72833
4.9313
5.13274
5.3328
5.53164
5.72941
5.92628
6.12241
6.31796
6.51309
6.70798
6.90279
7.09768
7.29283
7.4884
7.68455
7.88145
8.07925
8.27812
8.4782
8.67965
8.8826
9.08722
9.29363
9.50197
9.71235
9.92487
10.1396
10.3566
10.5759
10.7974
11.021
11.2467
11.4741
11.7029
11.9326
12.1625
12.3919
12.6197
12.8447
13.0651
13.2792
13.4847
13.679
13.8592
14.0223
14.1649
14.2839
14.3762
14.4393
14.4713
-1.00973
-0.975296
-0.907555
-0.808641
-0.681457
-0.529409
-0.356128
-0.165233
0.0398442
0.255985
0.480437
0.710842
0.94522
1.18195
1.41972
1.65749
1.89446
2.13002
2.36372
2.59526
2.82442
3.05107
3.27518
3.49673
3.71578
3.9324
4.14668
4.35875
4.56875
4.7768
4.98307
5.1877
5.39087
5.59273
5.79346
5.99322
6.1922
6.39057
6.5885
6.78616
6.98375
7.18142
7.37936
7.57775
7.77676
7.97656
8.17732
8.37921
8.5824
8.78704
8.9933
9.20133
9.4113
9.62336
9.83764
10.0543
10.2733
10.4949
10.719
10.9457
11.1749
11.4065
11.6402
11.8758
12.1128
12.3506
12.5883
12.825
13.0594
13.2897
13.5142
13.7303
13.9354
14.1263
14.2996
14.4517
14.5789
14.6778
14.7456
14.7801
-1.16981
-1.13269
-1.05974
-0.953459
-0.81718
-0.65479
-0.470382
-0.267982
-0.0513579
0.176114
0.411499
0.65232
0.896527
1.14247
1.38883
1.6346
1.87899
2.12144
2.36154
2.59902
2.83372
3.06554
3.29449
3.52059
3.74393
3.96459
4.18272
4.39845
4.61195
4.82336
5.03287
5.24063
5.44683
5.65164
5.85525
6.05784
6.2596
6.4607
6.66135
6.86172
7.06201
7.26239
7.46306
7.6642
7.86599
8.06862
8.27227
8.47711
8.68333
8.8911
9.10058
9.31197
9.52544
9.74116
9.95927
10.1799
10.4033
10.6294
10.8584
11.0903
11.325
11.5625
11.8027
12.0451
12.2895
12.5353
12.7816
13.0275
13.2717
13.5125
13.7479
13.9753
14.192
14.3944
14.5788
14.7412
14.8776
14.9839
15.0568
15.094
-1.3411
-1.30095
-1.22218
-1.1077
-0.961361
-0.787612
-0.591075
-0.376238
-0.147232
0.092294
0.33922
0.590956
0.845392
1.10086
1.35606
1.60999
1.86193
2.11135
2.3579
2.60135
2.84158
3.07856
3.31232
3.54292
3.77049
3.99515
4.21706
4.43639
4.65332
4.86803
5.08069
5.29151
5.50067
5.70836
5.91477
6.12011
6.32457
6.52835
6.73163
6.93463
7.13754
7.34056
7.54387
7.74768
7.95219
8.15757
8.36404
8.57176
8.78094
8.99175
9.2044
9.41908
9.63597
9.85527
10.0772
10.3018
10.5294
10.76
10.9938
11.2309
11.4711
11.7146
11.9612
12.2107
12.4626
12.7166
12.9717
13.2272
13.4816
13.7332
13.9801
14.2197
14.4487
14.6635
14.8601
15.0339
15.1803
15.2948
15.3736
15.4138
-1.52436
-1.4808
-1.3955
-1.27185
-1.11435
-0.928088
-0.718309
-0.49001
-0.247719
0.00462983
0.263734
0.526897
0.791967
1.05727
1.32153
1.5838
1.84341
2.09987
2.3529
2.60232
2.84808
3.09018
3.3287
3.56376
3.7955
4.02409
4.24972
4.47257
4.69287
4.91079
5.12655
5.34035
5.55238
5.76287
5.97202
6.18002
6.3871
6.59347
6.79932
7.00487
7.21032
7.41588
7.62177
7.82817
8.03531
8.24338
8.45257
8.6631
8.87516
9.08895
9.30468
9.52256
9.74281
9.96563
10.1912
10.4198
10.6516
10.8867
11.1252
11.3674
11.6132
11.8627
12.1158
12.3723
12.6319
12.8941
13.1584
13.4236
13.6886
13.9517
14.2108
14.4632
14.7054
14.9338
15.1436
15.3299
15.4875
15.6112
15.6965
15.7401
-1.72047
-1.67305
-1.58037
-1.44643
-1.27649
-1.07642
-0.85216
-0.609275
-0.352726
-0.0867389
0.185206
0.460321
0.73643
1.01187
1.28542
1.55618
1.82354
2.08711
2.34663
2.60203
2.85329
3.10047
3.34371
3.58316
3.819
4.05145
4.28072
4.50702
4.7306
4.95166
5.17043
5.38713
5.60197
5.81517
6.02696
6.23756
6.44718
6.65604
6.86437
7.07239
7.2803
7.48833
7.69671
7.90563
8.11531
8.32598
8.53783
8.75108
8.96594
9.18263
9.40136
9.62237
9.84589
10.0721
10.3014
10.5338
10.7697
11.0092
11.2524
11.4997
11.751
12.0065
12.2661
12.5297
12.7971
13.0678
13.3413
13.6167
13.8927
14.1678
14.4397
14.7057
14.9622
15.2051
15.4294
15.6296
15.7996
15.9336
16.0263
16.0738
-1.93042
-1.87859
-1.77754
-1.63201
-1.44817
-1.23281
-0.992674
-0.733973
-0.462119
-0.181634
0.103836
0.391435
0.678982
0.964861
1.2479
1.52729
1.80249
2.07319
2.33922
2.60057
2.85729
3.1095
3.35739
3.60115
3.84103
4.07725
4.31008
4.53975
4.76653
4.99065
5.21234
5.43185
5.64941
5.86525
6.0796
6.29269
6.50477
6.71605
6.92677
7.13717
7.34746
7.55788
7.76865
7.98
8.19216
8.40534
8.61976
8.83565
9.05323
9.27272
9.49437
9.71842
9.94512
10.1747
10.4075
10.6437
10.8836
11.1274
11.3754
11.6277
11.8845
12.1459
12.412
12.6828
12.958
13.2373
13.5203
13.8061
14.0936
14.3811
14.6665
14.947
15.2189
15.4776
15.7178
15.9332
16.1171
16.2627
16.3639
16.4157
-2.15533
-2.09845
-1.98784
-1.82917
-1.62973
-1.39741
-1.13986
-0.863994
-0.575715
-0.279831
0.0198658
0.320479
0.619856
0.916444
1.20916
1.49729
1.7804
2.05825
2.33078
2.59804
2.86017
3.11734
3.3698
3.6178
3.86162
4.10154
4.33783
4.57078
4.80067
5.02775
5.25229
5.47453
5.69471
5.9131
6.12992
6.34542
6.55986
6.77347
6.9865
7.19918
7.41176
7.62448
7.83757
8.05126
8.2658
8.48141
8.69832
8.91676
9.13697
9.35918
9.58366
9.81065
10.0405
10.2733
10.5096
10.7495
10.9933
11.2413
11.4939
11.7512
12.0134
12.2808
12.5534
12.8313
13.1144
13.4025
13.6951
13.9916
14.2909
14.5914
14.8911
15.1869
15.4752
15.7511
16.0087
16.2411
16.4407
16.5994
16.7101
16.767
-2.39647
-2.33376
-2.21217
-2.03855
-1.82156
-1.57035
-1.29366
-0.999175
-0.693277
-0.381058
-0.0664218
0.247731
0.559311
0.866864
1.16942
1.46639
1.75743
2.04244
2.32143
2.59455
2.86201
3.12407
3.38101
3.63316
3.88083
4.12433
4.364
4.60013
4.83303
5.06299
5.29027
5.51515
5.73787
5.95871
6.17791
6.39573
6.61244
6.82829
7.04353
7.25841
7.47319
7.68811
7.90342
8.11937
8.3362
8.55415
8.77346
8.99437
9.21711
9.44195
9.66915
9.899
10.1318
10.3678
10.6074
10.8509
11.0986
11.3508
11.6078
11.87
12.1376
12.4108
12.6899
12.975
13.2661
13.563
13.8654
14.1729
14.4843
14.7984
15.113
15.4251
15.731
16.0256
16.3023
16.5536
16.7708
16.9445
17.0662
17.129
-2.65533
-2.58583
-2.45155
-2.26082
-2.02398
-1.75173
-1.45399
-1.13928
-0.814502
-0.484983
-0.154695
0.173506
0.497637
0.816382
1.12892
1.43478
1.73377
2.0259
2.3113
2.59021
2.86292
3.12976
3.39109
3.64727
3.89868
4.14567
4.3886
4.62781
4.86363
5.09637
5.3263
5.55372
5.77888
6.00207
6.22356
6.44361
6.66249
6.88048
7.09784
7.31482
7.5317
7.74873
7.96618
8.18429
8.40332
8.62352
8.84514
9.06841
9.2936
9.52097
9.7508
9.9834
10.2191
10.4582
10.701
10.948
11.1994
11.4556
11.7171
11.9841
12.2569
12.536
12.8215
13.1137
13.4127
13.7185
14.0309
14.3496
14.6735
15.0016
15.3318
15.6613
15.9861
16.3008
16.5987
16.871
17.108
17.2989
17.4333
17.5029
-2.93363
-2.85616
-2.70709
-2.49669
-2.23733
-1.94155
-1.62063
-1.284
-0.939013
-0.591213
-0.244571
0.0981597
0.435158
0.765284
1.08789
1.40268
1.70961
2.00881
2.30054
2.58513
2.86298
3.13449
3.40009
3.66019
3.91523
4.16559
4.41167
4.65385
4.89248
5.12789
5.36038
5.59024
5.81775
6.04319
6.26686
6.48904
6.71
6.93003
7.1494
7.3684
7.58728
7.80633
8.0258
8.24598
8.46712
8.68948
8.91331
9.13887
9.3664
9.59619
9.82854
10.0638
10.3022
10.5443
10.7903
11.0406
11.2956
11.5558
11.8215
12.0932
12.3712
12.656
12.9479
13.2472
13.5541
13.8689
14.1913
14.5213
14.8581
15.2007
15.5472
15.895
16.2399
16.5766
16.8977
17.1936
17.4531
17.6637
17.8129
17.8905
-3.23336
-3.14645
-2.98005
-2.74687
-2.46186
-2.13974
-1.79331
-1.4329
-1.06635
-0.699281
-0.335611
0.0220921
0.372228
0.713881
1.04662
1.37033
1.68513
1.99132
2.28927
2.57944
2.8623
3.13835
3.40809
3.67198
3.93051
4.18412
4.43324
4.67827
4.9196
5.15757
5.39251
5.62471
5.85446
6.08207
6.30781
6.53201
6.75495
6.97692
7.19821
7.41911
7.6399
7.86086
8.08227
8.30442
8.52757
8.752
8.97795
9.20567
9.43545
9.66756
9.90233
10.1401
10.3812
10.6261
10.8751
11.1286
11.3872
11.6511
11.921
12.1973
12.4804
12.7708
13.0689
13.3752
13.69
14.0136
14.3462
14.6876
15.0375
15.3951
15.7586
16.1256
16.4922
16.8526
17.1992
17.5215
17.8067
18.0402
18.2067
18.2938
-3.5569
-3.45871
-3.2718
-3.01209
-2.69778
-2.34611
-1.97159
-1.58547
-1.19594
-0.808645
-0.427316
-0.0542543
0.309232
0.662506
1.00538
1.33796
1.66056
1.97361
2.27765
2.57325
2.86098
3.14143
3.41515
3.6827
3.94458
4.2013
4.45332
4.70108
4.94499
5.18543
5.42271
5.65714
5.88903
6.11869
6.34641
6.57252
6.79733
7.02113
7.24424
7.46694
7.68952
7.9123
8.13555
8.35956
8.58463
8.81102
9.039
9.2688
9.50072
9.73504
9.9721
10.2123
10.4559
10.7035
10.9554
11.212
11.4739
11.7416
12.0154
12.2961
12.5841
12.88
13.1843
13.4975
13.8201
14.1525
14.4952
14.8482
15.2114
15.5843
15.9654
16.3527
16.7422
17.1284
17.5031
17.855
18.1695
18.4295
18.6167
18.715
-3.9071
-3.79524
-3.58386
-3.29308
-2.94515
-2.56032
-2.15491
-1.74103
-1.32712
-0.918678
-0.519127
-0.130393
0.246588
0.611513
0.964483
1.30584
1.63609
1.95586
2.26583
2.56668
2.85912
3.14379
3.42135
3.69239
3.95748
4.21716
4.47194
4.72231
4.96868
5.21146
5.45098
5.68754
5.92146
6.15306
6.38264
6.61056
6.83712
7.06266
7.28747
7.51186
7.73614
7.96062
8.1856
8.41138
8.63827
8.86653
9.09643
9.32821
9.56216
9.79857
10.0378
10.2803
10.5263
10.7764
11.0311
11.2907
11.5558
11.8269
12.1047
12.3896
12.6824
12.9836
13.2938
13.6138
13.9441
14.2852
14.6379
15.0025
15.3792
15.7677
16.167
16.5754
16.9893
17.4033
17.8089
18.194
18.5422
18.8333
19.045
19.157
-4.28737
-4.15877
-3.91788
-3.59048
-3.20388
-2.7818
-2.34248
-1.89876
-1.45909
-1.02866
-0.61042
-0.205793
0.184742
0.561279
0.924239
1.27423
1.61196
1.93826
2.25396
2.55988
2.85682
3.14554
3.42675
3.70111
3.96925
4.23174
4.48914
4.74196
4.99067
5.23568
5.47733
5.71592
5.95176
6.18517
6.41651
6.64612
6.87433
7.10148
7.32788
7.55386
7.77973
8.0058
8.2324
8.45985
8.68844
8.91848
9.15021
9.38387
9.61974
9.85812
10.0994
10.344
10.5923
10.8449
11.1021
11.3645
11.6326
11.9071
12.1885
12.4776
12.7749
13.0813
13.3973
13.7239
14.0616
14.4114
14.774
15.1501
15.5402
15.9446
16.3626
16.793
17.2326
17.6765
18.116
18.5384
18.9254
19.2532
19.4944
19.6233
-4.70192
-4.55251
-4.27567
-3.90482
-3.47361
-3.00974
-2.53331
-2.05763
-1.59092
-1.13779
-0.700508
-0.279883
0.124166
0.512193
0.884976
1.24339
1.58839
1.92099
2.24218
2.55294
2.85418
3.14675
3.43142
3.70893
3.97993
4.24507
4.50493
4.76007
5.01098
5.2581
5.50177
5.74228
5.97992
6.21505
6.44801
6.67919
6.90893
7.13758
7.36547
7.59293
7.82027
8.04782
8.27593
8.50492
8.73513
8.96684
9.20031
9.43575
9.67342
9.91365
10.1569
10.4035
10.6539
10.9087
11.1684
11.4334
11.7044
11.982
12.267
12.5599
12.8616
13.1729
13.4946
13.8275
14.1725
14.5306
14.9029
15.2904
15.694
16.1143
16.5514
17.0044
17.4711
17.9469
18.4235
18.8878
19.3194
19.6908
19.9682
20.1179
-5.15597
-4.98023
-4.6591
-4.23639
-3.75366
-3.24299
-2.72611
-2.21645
-1.72154
-1.24515
-0.788644
-0.352054
0.0653545
0.46466
0.84703
1.21362
1.56561
1.90423
2.23066
2.54601
2.85132
3.14751
3.43544
3.71589
3.98958
4.25718
4.51934
4.77663
5.02961
5.27872
5.52431
5.76663
6.00596
6.24267
6.47714
6.70977
6.94093
7.17096
7.40022
7.62903
7.85773
8.08665
8.31614
8.54657
8.77828
9.01158
9.2467
9.48381
9.72317
9.96513
10.2101
10.4586
10.711
10.9679
11.2298
11.4973
11.771
12.0516
12.3398
12.6364
12.9423
13.2583
13.5854
13.9244
14.2764
14.6426
15.0243
15.423
15.8398
16.276
16.7323
17.2086
17.7035
18.2133
18.7304
19.2415
19.7248
20.1481
20.4699
20.646
-5.6561
-5.44646
-5.07008
-4.58512
-4.04286
-3.47995
-2.91929
-2.37375
-1.84974
-1.34974
-0.874025
-0.421669
0.00881556
0.419092
0.810741
1.18518
1.54385
1.88817
2.21953
2.5392
2.84831
3.14788
3.43885
3.72204
3.99822
4.26811
4.53238
4.79167
5.04656
5.29756
5.54497
5.78899
6.0299
6.26806
6.50391
6.73786
6.9703
7.20161
7.43212
7.66217
7.8921
8.12227
8.35303
8.58477
8.81787
9.05266
9.28936
9.52805
9.76898
10.0125
10.2591
10.5093
10.7635
11.0224
11.2864
11.5562
11.8324
12.1157
12.407
12.707
13.0168
13.3373
13.6695
14.0143
14.373
14.7469
15.1378
15.5472
15.977
16.4289
16.9044
17.4043
17.9283
18.474
19.0349
19.5982
20.1412
20.627
21.0042
21.2143
-6.21079
-5.95654
-5.51037
-4.95035
-4.33941
-3.71853
-3.11087
-2.52788
-1.97415
-1.45049
-0.9558
-0.488064
-0.0449355
0.3759
0.776456
1.15838
1.52333
1.87299
2.20895
2.53262
2.84525
3.14796
3.44172
3.72743
4.0059
4.27787
4.54407
4.80518
5.06184
5.31461
5.56377
5.80939
6.05173
6.29121
6.5283
6.76344
6.99705
7.2295
7.46114
7.69232
7.92337
8.15465
8.38655
8.61947
8.85385
9.09006
9.32826
9.56845
9.81081
10.0558
10.3039
10.5556
10.8115
11.0721
11.3381
11.6099
11.8884
12.1742
12.4683
12.7715
13.0849
13.4096
13.7467
14.0971
14.462
14.8433
15.2427
15.6625
16.1049
16.5721
17.0666
17.5901
18.1438
18.7269
19.3349
19.9562
20.568
21.129
21.5763
21.8313
-6.83123
-6.51677
-5.98131
-5.33048
-4.64062
-3.956
-3.29849
-2.67691
-2.09325
-1.54623
-1.03308
-0.550565
-0.0953874
0.335487
0.744522
1.13349
1.50428
1.85887
2.19905
2.52638
2.84224
3.14781
3.44412
3.73213
4.01266
4.28651
4.55443
4.81717
5.07544
5.32986
5.58072
5.82786
6.0715
6.31214
6.55031
6.78652
7.02116
7.25464
7.48729
7.71947
7.95151
8.18378
8.41668
8.65065
8.88618
9.12372
9.36341
9.605
9.84867
10.0949
10.3443
10.5974
10.8548
11.117
11.3847
11.6585
11.939
12.2271
12.5237
12.8298
13.1465
13.4752
13.8169
14.1724
14.5432
14.9313
15.3388
15.7684
16.2227
16.7047
17.2176
17.7645
18.3482
18.9698
19.6276
20.3127
21.0035
21.6557
22.1926
22.508
-7.53245
-7.13443
-6.48327
-5.72255
-4.94271
-4.1889
-3.47933
-2.81866
-2.20543
-1.63573
-1.10495
-0.608498
-0.142046
0.298235
0.715287
1.1108
1.48693
1.84597
2.18995
2.52059
2.83936
3.14749
3.4461
3.73616
4.01853
4.29405
4.56348
4.82763
5.08731
5.3433
5.59586
5.84442
6.08921
6.33084
6.56996
6.80708
7.04263
7.27701
7.51055
7.74361
7.97652
8.20965
8.4434
8.67826
8.9148
9.1536
9.3948
9.63773
9.88254
10.1299
10.3804
10.6347
10.8934
11.157
11.4263
11.7018
11.9841
12.2743
12.5731
12.8818
13.2015
13.5338
13.8799
14.2402
14.6164
15.0106
15.4256
15.8642
16.3297
16.8257
17.3562
17.9258
18.5391
19.1998
19.9096
20.6639
21.4447
22.2072
22.8604
23.2597
-8.33537
-7.81756
-7.01481
-6.12159
-5.2405
-4.41294
-3.65016
-2.95078
-2.30895
-1.71775
-1.17051
-0.661205
-0.184452
0.264482
0.689112
1.09061
1.47149
1.83446
2.18179
2.51534
2.83667
3.14708
3.44771
3.73957
4.02356
4.30051
4.57123
4.83655
5.09744
5.35487
5.60926
5.85916
6.10489
6.34733
6.58722
6.82511
7.06145
7.2966
7.53092
7.76474
7.99839
8.23224
8.46669
8.70226
8.93964
9.17963
9.42248
9.66665
9.91242
10.1606
10.4121
10.6674
10.9273
11.1922
11.4628
11.7397
12.0237
12.3156
12.6164
12.9273
13.2496
13.5853
13.9356
14.3003
14.6812
15.081
15.5027
15.9495
16.4252
16.9341
17.4812
18.0724
18.7142
19.4136
20.1765
21.0045
21.8867
22.782
23.5877
24.1072
-9.26994
-8.57412
-7.57116
-6.51981
-5.52712
-4.62299
-3.80735
-3.07075
-2.40206
-1.79103
-1.22885
-0.708056
-0.2222
0.234491
0.666387
1.07323
1.45816
1.82445
2.17464
2.51071
2.83425
3.14662
3.449
3.74241
4.02777
4.30593
4.57769
4.84393
5.10573
5.36449
5.62102
5.87214
6.11858
6.36161
6.6021
6.84062
7.0776
7.31341
7.54839
7.78285
8.01712
8.25155
8.48654
8.72261
8.96059
9.20168
9.44653
9.69185
9.93832
10.1872
10.4394
10.6956
10.9564
11.2224
11.4941
11.7724
12.0577
12.3511
12.6535
12.9662
13.2907
13.6294
13.9839
14.3525
14.7374
15.142
15.5696
16.0237
16.5086
17.0291
17.5913
18.2023
18.871
19.6076
20.4232
21.3277
22.3213
23.3752
24.3826
25.0806
-10.3807
-9.40967
-8.14181
-6.90557
-5.79381
-4.81315
-3.94702
-3.17598
-2.48301
-1.85437
-1.27911
-0.74846
-0.254961
0.208378
0.647587
1.05896
1.44711
1.81607
2.16861
2.50676
2.83215
3.14616
3.45
3.7447
4.03121
4.31034
4.5829
4.84975
5.11208
5.37193
5.63138
5.8835
6.13029
6.37366
6.61457
6.85358
7.09109
7.32744
7.56295
7.79793
8.0327
8.26759
8.50294
8.73928
8.97753
9.21952
9.46716
9.71342
9.96024
10.2095
10.4623
10.7191
10.9807
11.2476
11.5203
11.7996
12.0861
12.3807
12.6844
12.9984
13.3246
13.6657
14.025
14.3968
14.785
15.1935
15.626
16.0864
16.5791
17.1098
17.6852
18.3139
19.0069
19.7779
20.6438
21.6245
22.737
23.9762
25.2508
26.2246
-11.7363
-10.3216
-8.70676
-7.26242
-6.02994
-4.97689
-4.06515
-3.26392
-2.55013
-1.90661
-1.3205
-0.781869
-0.28249
0.185972
0.633402
1.04814
1.43847
1.80939
2.16375
2.50355
2.83042
3.14575
3.45076
3.74649
4.0339
4.31378
4.5869
4.85402
5.11634
5.37674
5.64079
5.89339
6.14003
6.38345
6.62461
6.86398
7.10189
7.33867
7.5746
7.81
8.04515
8.28036
8.51592
8.75226
8.99029
9.23267
9.48481
9.7315
9.97817
10.2275
10.4806
10.738
11.0002
11.2678
11.5413
11.8214
12.1088
12.4044
12.709
13.024
13.351
13.6938
14.0591
14.4333
14.8236
15.2351
15.6716
16.1371
16.6363
17.1754
17.7619
18.4056
19.1193
19.9204
20.8318
21.8844
23.117
24.5644
26.1902
27.6081
-13.4479
-11.2859
-9.23129
-7.56852
-6.22343
-5.10753
-4.15788
-3.33226
-2.60193
-1.94678
-1.35231
-0.807759
-0.304603
0.166495
0.625043
1.04105
1.43229
1.80444
2.16009
2.50111
2.82909
3.14541
3.4513
3.74781
4.03588
4.3163
4.58975
4.85681
5.11838
5.3779
5.6503
5.90196
6.14774
6.39093
6.6322
6.8718
7.11001
7.34709
7.58334
7.81904
8.05447
8.28989
8.52552
8.7616
8.9987
9.24009
9.50051
9.74622
9.99203
10.2412
10.4945
10.7522
11.0149
11.283
11.5571
11.8378
12.1259
12.4221
12.7274
13.0427
13.3697
13.7125
14.0872
14.4619
14.8531
15.2667
15.7061
16.1754
16.6797
17.2252
17.8203
18.4758
19.206
20.0314
20.9805
22.0954
23.4393
25.1039
27.1776
29.3421
-15.7022
-12.2254
-9.66009
-7.79742
-6.36185
-5.19884
-4.22185
-3.37902
-2.6372
-1.97405
-1.37392
-0.825601
-0.321016
0.147823
0.624966
1.03779
1.4285
1.80121
2.15766
2.49947
2.82819
3.14517
3.45164
3.74867
4.03718
4.31794
4.59154
4.8583
5.11821
5.37309
5.66221
5.9092
6.15325
6.39602
6.63729
6.87703
7.11543
7.35271
7.58917
7.82507
8.06068
8.29622
8.53182
8.76745
9.0028
9.23946
9.51655
9.75757
10.0016
10.2504
10.5038
10.7617
11.0247
11.2931
11.5676
11.8487
12.1372
12.4339
12.7396
13.0549
13.3806
13.7193
14.1116
14.4825
14.8732
15.2879
15.7292
16.2011
16.7088
17.2588
17.8597
18.5232
19.2651
20.1075
21.0837
22.2451
23.6776
25.5372
28.1383
31.6132
-18.8278
-12.9393
-9.91543
-7.92176
-6.43436
-5.24589
-4.25451
-3.40277
-2.65506
-1.98784
-1.38486
-0.834811
-0.33081
0.12474
0.638617
1.03768
1.42681
1.79963
2.15644
2.49865
2.82773
3.14505
3.45181
3.7491
4.03782
4.31875
4.59239
4.85882
5.11658
5.35697
5.68188
5.91436
6.15622
6.39861
6.63985
6.87965
7.11814
7.35552
7.59208
7.82808
8.06377
8.29937
8.53493
8.77016
9.0033
9.22544
9.53829
9.76479
10.0067
10.2551
10.5084
10.7665
11.0296
11.2982
11.5729
11.8542
12.1429
12.4398
12.7456
13.0609
13.3845
13.709
14.1375
14.4945
14.8835
15.2985
15.7409
16.214
16.7234
17.2756
17.8796
18.5472
19.2949
20.1463
21.1366
22.323
23.805
25.781
28.8765
34.7491
)
;

boundaryField
{
    scalarinlet
    {
        type            calculated;
        value           nonuniform List<scalar> 
80
(
-20.6612
-13.2039
-9.98869
-7.9545
-6.45295
-5.25783
-4.26277
-3.40876
-2.65955
-1.9913
-1.38762
-0.837181
-0.333872
0.111174
0.649818
1.03826
1.42645
1.79924
2.15614
2.49845
2.82762
3.14501
3.45185
3.74921
4.03799
4.31895
4.5926
4.85889
5.11557
5.34515
5.69459
5.91626
6.15703
6.39927
6.64049
6.88031
7.11881
7.35623
7.59281
7.82883
8.06455
8.30015
8.5357
8.77077
9.00282
9.21414
9.55152
9.7672
10.008
10.2563
10.5096
10.7677
11.0308
11.2995
11.5742
11.8556
12.1443
12.4412
12.7472
13.0623
13.3849
13.6986
14.1518
14.4981
14.8861
15.3012
15.7438
16.2173
16.727
17.2798
17.8846
18.5532
19.3024
20.156
21.1501
22.3429
23.838
25.8436
29.155
36.5857
)
;
    }
    walls
    {
        type            calculated;
        value           nonuniform List<scalar> 
240
(
0.0185707
0.0554801
0.0921788
0.128672
0.164833
0.20059
0.235706
0.270151
0.303887
0.336778
0.36867
0.399452
0.42905
0.457378
0.484327
0.509772
0.533593
0.555679
0.575928
0.594231
0.610472
0.624528
0.636271
0.645576
0.652319
0.656378
0.657628
0.655937
0.65117
0.643182
0.631824
0.616943
0.598382
0.57598
0.549571
0.518984
0.484041
0.444552
0.400322
0.351141
0.29679
0.237038
0.171638
0.100332
0.0228426
-0.0611241
-0.151883
-0.249774
-0.355162
-0.468442
-0.590045
-0.720442
-0.860147
-1.00973
-1.16981
-1.3411
-1.52436
-1.72047
-1.93042
-2.15533
-2.39647
-2.65533
-2.93363
-3.23336
-3.5569
-3.9071
-4.28737
-4.70192
-5.15597
-5.6561
-6.21079
-6.83123
-7.53245
-8.33537
-9.26994
-10.3807
-11.7363
-13.4479
-15.7022
-18.8278
0.136513
0.409561
0.682605
0.955599
1.22855
1.50144
1.77427
2.04701
2.31965
2.59219
2.86462
3.13692
3.4091
3.68114
3.95304
4.22479
4.4964
4.76787
5.03919
5.31037
5.58142
5.85235
6.12317
6.39389
6.66453
6.93512
7.20567
7.47622
7.74681
8.01746
8.28823
8.55916
8.83031
9.10173
9.37351
9.64571
9.91843
10.1917
10.4658
10.7406
11.0165
11.2934
11.5715
11.8511
12.1323
12.4154
12.7005
12.9879
13.278
13.5709
13.8672
14.1672
14.4713
14.7801
15.094
15.4138
15.7401
16.0738
16.4157
16.767
17.129
17.5029
17.8905
18.2938
18.715
19.157
19.6233
20.1179
20.646
21.2143
21.8313
22.508
23.2597
24.1072
25.0806
26.2246
27.6081
29.3421
31.6132
34.7491
0
0
0
0
0
0
0
0
0
0
0
0
0
0
0
0
0
0
0
0
0
0
0
0
0
0
0
0
0
0
0
0
0
0
0
0
0
0
0
0
0
0
0
0
0
0
0
0
0
0
0
0
0
0
0
0
0
0
0
0
0
0
0
0
0
0
0
0
0
0
0
0
0
0
0
0
0
0
0
0
)
;
    }
    frontAndBack
    {
        type            empty;
    }
}


// ************************************************************************* //
