/*--------------------------------*- C++ -*----------------------------------*\
  =========                 |
  \\      /  F ield         | OpenFOAM: The Open Source CFD Toolbox
   \\    /   O peration     | Website:  https://openfoam.org
    \\  /    A nd           | Version:  10
     \\/     M anipulation  |
\*---------------------------------------------------------------------------*/
FoamFile
{
    format      ascii;
    class       volScalarField;
    location    "0.1";
    object      T;
}
// * * * * * * * * * * * * * * * * * * * * * * * * * * * * * * * * * * * * * //

dimensions      [0 0 0 1 0 0 0];

internalField   nonuniform List<scalar> 
6400
(
1.54099
1.54283
1.54652
1.55203
1.55936
1.56849
1.5794
1.59207
1.60647
1.62256
1.64031
1.65968
1.68063
1.70312
1.72711
1.75253
1.77935
1.80751
1.83696
1.86765
1.89951
1.9325
1.96656
2.00162
2.03764
2.07455
2.11229
2.15081
2.19005
2.22995
2.27045
2.3115
2.35303
2.39499
2.43732
2.47997
2.52287
2.56597
2.60921
2.65254
2.6959
2.73922
2.78247
2.82557
2.86847
2.91111
2.95344
2.9954
3.03693
3.07797
3.11846
3.15836
3.19759
3.23611
3.27385
3.31075
3.34676
3.38182
3.41587
3.44886
3.48072
3.5114
3.54085
3.56901
3.59583
3.62125
3.64523
3.66772
3.68867
3.70804
3.72579
3.74188
3.75627
3.76894
3.77985
3.78898
3.79631
3.80182
3.80551
3.80735
1.54122
1.54307
1.54675
1.55227
1.55961
1.56875
1.57967
1.59234
1.60675
1.62285
1.64062
1.66
1.68097
1.70348
1.72748
1.75293
1.77976
1.80795
1.83742
1.86812
1.90001
1.93302
1.9671
2.00219
2.03822
2.07516
2.11293
2.15147
2.19073
2.23066
2.27118
2.31225
2.35381
2.3958
2.43816
2.48082
2.52375
2.56688
2.61014
2.6535
2.69688
2.74023
2.7835
2.82663
2.86955
2.91222
2.95457
2.99655
3.03811
3.07917
3.11969
3.15961
3.19887
3.23741
3.27518
3.3121
3.34814
3.38322
3.41729
3.4503
3.48218
3.51289
3.54235
3.57053
3.59737
3.62281
3.64681
3.66932
3.69028
3.70967
3.72743
3.74353
3.75794
3.77061
3.78153
3.79067
3.79801
3.80353
3.80721
3.80906
1.54168
1.54353
1.54722
1.55275
1.5601
1.56925
1.58019
1.59289
1.60732
1.62344
1.64124
1.66065
1.68165
1.70419
1.72823
1.75371
1.78059
1.80881
1.83832
1.86907
1.901
1.93406
1.96818
2.00331
2.0394
2.07638
2.11419
2.15279
2.1921
2.23207
2.27265
2.31377
2.35537
2.39741
2.43982
2.48254
2.52551
2.56869
2.612
2.65541
2.69884
2.74224
2.78556
2.82874
2.87172
2.91443
2.95684
2.99887
3.04047
3.08158
3.12215
3.16212
3.20143
3.24002
3.27783
3.3148
3.35088
3.38601
3.42013
3.45318
3.48511
3.51586
3.54536
3.57358
3.60046
3.62594
3.64997
3.67251
3.69351
3.71292
3.73071
3.74684
3.76127
3.77397
3.7849
3.79406
3.8014
3.80693
3.81062
3.81247
1.54237
1.54423
1.54793
1.55347
1.56083
1.57001
1.58097
1.5937
1.60816
1.62433
1.64216
1.66162
1.68267
1.70526
1.72935
1.75489
1.78183
1.81011
1.83968
1.87049
1.90249
1.93561
1.9698
2.005
2.04116
2.07821
2.1161
2.15476
2.19415
2.23419
2.27484
2.31604
2.35772
2.39983
2.44231
2.4851
2.52815
2.5714
2.6148
2.65827
2.70178
2.74526
2.78866
2.83191
2.87496
2.91775
2.96023
3.00233
3.04401
3.0852
3.12584
3.16588
3.20526
3.24392
3.28181
3.31885
3.355
3.3902
3.42439
3.45751
3.4895
3.52031
3.54988
3.57816
3.60509
3.63063
3.65471
3.6773
3.69835
3.71781
3.73564
3.7518
3.76626
3.77899
3.78995
3.79913
3.8065
3.81204
3.81574
3.81759
1.54329
1.54515
1.54886
1.55442
1.56181
1.57102
1.58202
1.59478
1.60929
1.62551
1.6434
1.66292
1.68403
1.70669
1.73085
1.75646
1.78347
1.81183
1.84149
1.87239
1.90447
1.93768
1.97196
2.00726
2.0435
2.08065
2.11863
2.15739
2.19688
2.23702
2.27777
2.31906
2.36084
2.40305
2.44563
2.48852
2.53168
2.57502
2.61852
2.6621
2.7057
2.74928
2.79278
2.83613
2.87928
2.92217
2.96475
3.00696
3.04873
3.09002
3.13076
3.1709
3.21038
3.24913
3.28711
3.32425
3.36049
3.39578
3.43006
3.46327
3.49535
3.52624
3.5559
3.58426
3.61127
3.63687
3.66103
3.68369
3.7048
3.72432
3.7422
3.75842
3.77293
3.78569
3.79669
3.8059
3.81329
3.81884
3.82256
3.82442
1.54443
1.5463
1.55003
1.55561
1.56303
1.57227
1.58331
1.59613
1.6107
1.62698
1.64493
1.66453
1.68572
1.70846
1.73271
1.75842
1.78552
1.81399
1.84375
1.87475
1.90694
1.94026
1.97466
2.01007
2.04643
2.0837
2.1218
2.16068
2.20028
2.24055
2.28142
2.32284
2.36474
2.40707
2.44978
2.4928
2.53607
2.57955
2.62317
2.66687
2.7106
2.75431
2.79793
2.84141
2.88468
2.9277
2.9704
3.01273
3.05463
3.09604
3.1369
3.17716
3.21676
3.25564
3.29374
3.331
3.36736
3.40276
3.43715
3.47047
3.50266
3.53366
3.56342
3.59188
3.61898
3.64468
3.66893
3.69167
3.71286
3.73245
3.75041
3.76669
3.78125
3.79407
3.80511
3.81435
3.82177
3.82735
3.83108
3.83295
1.5458
1.54767
1.55142
1.55703
1.56448
1.57377
1.58487
1.59774
1.61238
1.62873
1.64677
1.66646
1.68774
1.71059
1.73494
1.76076
1.78798
1.81657
1.84645
1.87758
1.90991
1.94336
1.97789
2.01344
2.04994
2.08735
2.12559
2.16462
2.20437
2.24478
2.2858
2.32736
2.36942
2.4119
2.45475
2.49792
2.54135
2.58497
2.62874
2.6726
2.71648
2.76033
2.8041
2.84773
2.89116
2.93433
2.97718
3.01965
3.0617
3.10326
3.14427
3.18468
3.22442
3.26345
3.30169
3.33909
3.37559
3.41113
3.44566
3.47911
3.51143
3.54256
3.57244
3.60102
3.62824
3.65405
3.67841
3.70125
3.72253
3.74222
3.76025
3.77661
3.79124
3.80412
3.81521
3.8245
3.83195
3.83756
3.84131
3.84318
1.54738
1.54927
1.55303
1.55867
1.56617
1.57551
1.58667
1.59962
1.61433
1.63077
1.64891
1.6687
1.6901
1.71306
1.73754
1.76349
1.79085
1.81957
1.8496
1.88088
1.91336
1.94697
1.98166
2.01736
2.05403
2.0916
2.13002
2.16921
2.20913
2.24971
2.2909
2.33264
2.37487
2.41752
2.46055
2.5039
2.5475
2.5913
2.63524
2.67927
2.72333
2.76736
2.8113
2.85511
2.89871
2.94205
2.98508
3.02773
3.06995
3.11168
3.15286
3.19344
3.23336
3.27255
3.31095
3.34852
3.38518
3.42089
3.45557
3.48918
3.52165
3.55293
3.58296
3.61168
3.63904
3.66498
3.68946
3.71242
3.73382
3.7536
3.77174
3.78818
3.80289
3.81584
3.827
3.83634
3.84383
3.84947
3.85324
3.85512
1.54918
1.55107
1.55486
1.56054
1.56809
1.57748
1.58871
1.60174
1.61655
1.63309
1.65134
1.67125
1.69278
1.71587
1.7405
1.76659
1.79411
1.82299
1.85319
1.88464
1.91729
1.95108
1.98595
2.02184
2.0587
2.09646
2.13506
2.17445
2.21456
2.25534
2.29673
2.33866
2.38109
2.42394
2.46717
2.51071
2.55452
2.59852
2.64266
2.68689
2.73115
2.77538
2.81953
2.86353
2.90733
2.95087
2.9941
3.03695
3.07936
3.12129
3.16267
3.20345
3.24356
3.28294
3.32154
3.35929
3.39615
3.43203
3.4669
3.50069
3.53333
3.56478
3.59497
3.62386
3.65137
3.67746
3.70208
3.72518
3.74671
3.76661
3.78486
3.8014
3.81621
3.82924
3.84046
3.84986
3.85741
3.86308
3.86687
3.86877
1.55118
1.55309
1.55691
1.56262
1.57023
1.57969
1.591
1.60412
1.61903
1.63569
1.65406
1.67411
1.69578
1.71903
1.74381
1.77008
1.79777
1.82683
1.85722
1.88886
1.92171
1.9557
1.99077
2.02687
2.06394
2.10191
2.14073
2.18034
2.22067
2.26167
2.30327
2.34543
2.38808
2.43116
2.47461
2.51838
2.5624
2.60663
2.651
2.69545
2.73994
2.7844
2.82877
2.87299
2.91702
2.96079
3.00423
3.04731
3.08995
3.1321
3.1737
3.2147
3.25502
3.29463
3.33344
3.37141
3.40847
3.44457
3.47964
3.51362
3.54647
3.57811
3.60849
3.63755
3.66524
3.6915
3.71628
3.73953
3.7612
3.78124
3.79961
3.81627
3.83118
3.8443
3.85561
3.86508
3.87267
3.87839
3.88221
3.88412
1.55338
1.55531
1.55916
1.56492
1.57258
1.58212
1.59352
1.60675
1.62177
1.63856
1.65707
1.67726
1.6991
1.72252
1.74748
1.77393
1.80182
1.83109
1.86168
1.89354
1.9266
1.96082
1.99612
2.03245
2.06975
2.10796
2.14702
2.18687
2.22744
2.26868
2.31054
2.35294
2.39584
2.43916
2.48286
2.52688
2.57116
2.61563
2.66025
2.70496
2.74969
2.7944
2.83902
2.8835
2.92777
2.97179
3.01549
3.05881
3.1017
3.1441
3.18594
3.22718
3.26775
3.3076
3.34665
3.38485
3.42215
3.45848
3.49378
3.52799
3.56105
3.5929
3.62349
3.65276
3.68064
3.70709
3.73205
3.75547
3.7773
3.7975
3.81601
3.83279
3.84781
3.86104
3.87244
3.88198
3.88964
3.8954
3.89925
3.90117
1.55579
1.55773
1.56161
1.56743
1.57515
1.58478
1.59627
1.60961
1.62476
1.64169
1.66036
1.68072
1.70273
1.72634
1.7515
1.77816
1.80626
1.83575
1.86657
1.89867
1.93197
1.96643
2.00199
2.03857
2.07613
2.1146
2.15392
2.19403
2.23488
2.27639
2.31851
2.36119
2.40435
2.44796
2.49193
2.53622
2.58077
2.62552
2.67042
2.7154
2.76041
2.80539
2.85029
2.89504
2.93959
2.98388
3.02785
3.07145
3.11461
3.15728
3.1994
3.2409
3.28174
3.32185
3.36117
3.39963
3.43719
3.47377
3.50932
3.54378
3.57708
3.60917
3.63999
3.66947
3.69757
3.72423
3.74939
3.773
3.79501
3.81537
3.83403
3.85096
3.86611
3.87945
3.89094
3.90056
3.90829
3.9141
3.91798
3.91993
1.55838
1.56034
1.56426
1.57013
1.57793
1.58764
1.59925
1.61271
1.628
1.64508
1.66392
1.68446
1.70666
1.73048
1.75586
1.78274
1.81108
1.84082
1.87189
1.90424
1.93781
1.97254
2.00837
2.04523
2.08307
2.12183
2.16144
2.20184
2.24297
2.28478
2.3272
2.37017
2.41363
2.45753
2.5018
2.54639
2.59124
2.6363
2.68149
2.72677
2.77208
2.81737
2.86256
2.90761
2.95246
2.99705
3.04132
3.08522
3.12868
3.17164
3.21405
3.25586
3.29699
3.33738
3.37699
3.41574
3.45357
3.49044
3.52626
3.56098
3.59455
3.6269
3.65797
3.6877
3.71604
3.74292
3.7683
3.79211
3.81431
3.83485
3.85368
3.87077
3.88606
3.89952
3.91112
3.92083
3.92863
3.9345
3.93842
3.94038
1.56115
1.56313
1.56709
1.57302
1.5809
1.59071
1.60243
1.61603
1.63148
1.64873
1.66775
1.68849
1.7109
1.73494
1.76056
1.78769
1.81628
1.84628
1.87763
1.91026
1.94411
1.97914
2.01526
2.05243
2.09057
2.12964
2.16956
2.21027
2.25172
2.29385
2.33658
2.37988
2.42366
2.46788
2.51248
2.5574
2.60257
2.64795
2.69347
2.73907
2.78471
2.83032
2.87584
2.92122
2.96639
3.0113
3.0559
3.10011
3.14389
3.18718
3.22991
3.27204
3.31348
3.35419
3.39411
3.43317
3.47131
3.50847
3.54459
3.57961
3.61346
3.64609
3.67743
3.70743
3.73602
3.76315
3.78876
3.8128
3.83521
3.85595
3.87497
3.89222
3.90766
3.92126
3.93298
3.94279
3.95067
3.9566
3.96056
3.96254
1.5641
1.5661
1.5701
1.5761
1.58406
1.59398
1.60583
1.61958
1.63518
1.65262
1.67183
1.69279
1.71543
1.73972
1.76558
1.79298
1.82185
1.85214
1.88378
1.91671
1.95088
1.98621
2.02266
2.06015
2.09862
2.13802
2.17828
2.21933
2.26112
2.30359
2.34667
2.39031
2.43444
2.47901
2.52396
2.56922
2.61475
2.66047
2.70634
2.7523
2.79829
2.84424
2.89012
2.93584
2.98137
3.02663
3.07157
3.11613
3.16026
3.20389
3.24697
3.28943
3.33122
3.37227
3.41252
3.45192
3.49039
3.52787
3.56432
3.59965
3.63381
3.66674
3.69838
3.72866
3.75753
3.78492
3.81079
3.83507
3.85771
3.87867
3.89788
3.91531
3.93092
3.94466
3.95651
3.96643
3.9744
3.98039
3.98439
3.9864
1.5672
1.56923
1.57328
1.57935
1.58741
1.59744
1.60943
1.62333
1.63912
1.65675
1.67618
1.69736
1.72025
1.7448
1.77094
1.79862
1.82779
1.85838
1.89034
1.9236
1.95809
1.99377
2.03056
2.0684
2.10723
2.14698
2.1876
2.22902
2.27117
2.31401
2.35746
2.40147
2.44597
2.49091
2.53623
2.58187
2.62777
2.67387
2.72011
2.76644
2.81281
2.85914
2.90539
2.95149
2.99738
3.04302
3.08834
3.13327
3.17777
3.22177
3.26522
3.30805
3.3502
3.39162
3.43223
3.47198
3.5108
3.54864
3.58543
3.6211
3.65559
3.68885
3.7208
3.75139
3.78055
3.80824
3.83438
3.85892
3.88181
3.90299
3.92242
3.94005
3.95583
3.96973
3.98172
3.99175
3.99981
4.00588
4.00993
4.01195
1.57047
1.57252
1.57662
1.58276
1.59092
1.60108
1.61321
1.62729
1.64326
1.6611
1.68076
1.7022
1.72535
1.75017
1.77661
1.8046
1.83409
1.86501
1.8973
1.93091
1.96576
2.0018
2.03895
2.07717
2.11637
2.15651
2.19751
2.23932
2.28186
2.32509
2.36893
2.41334
2.45824
2.50358
2.54929
2.59533
2.64163
2.68813
2.73477
2.7815
2.82826
2.875
2.92164
2.96814
3.01444
3.06048
3.10619
3.15152
3.19642
3.24081
3.28466
3.32788
3.37042
3.41222
3.45322
3.49335
3.53255
3.57076
3.60791
3.64395
3.6788
3.7124
3.74469
3.77561
3.80509
3.83308
3.85952
3.88434
3.90749
3.92892
3.94858
3.96642
3.98239
3.99646
4.00859
4.01875
4.02691
4.03305
4.03716
4.03921
1.57387
1.57596
1.58011
1.58633
1.5946
1.60489
1.61718
1.63143
1.64761
1.66568
1.68559
1.70728
1.73072
1.75584
1.78259
1.81091
1.84073
1.87201
1.90466
1.93864
1.97387
2.01029
2.04784
2.08645
2.12606
2.1666
2.20801
2.25023
2.29319
2.33683
2.38109
2.42592
2.47124
2.517
2.56314
2.6096
2.65632
2.70324
2.75031
2.79747
2.84465
2.89181
2.93888
2.98581
3.03253
3.07899
3.12512
3.17088
3.21619
3.26101
3.30527
3.34891
3.39187
3.43408
3.47549
3.51602
3.55563
3.59423
3.63178
3.6682
3.70342
3.7374
3.77005
3.80132
3.83114
3.85946
3.88621
3.91132
3.93476
3.95645
3.97636
3.99442
4.0106
4.02485
4.03714
4.04743
4.0557
4.06192
4.06608
4.06816
1.57741
1.57952
1.58374
1.59005
1.59843
1.60886
1.62132
1.63577
1.65216
1.67047
1.69064
1.71261
1.73635
1.76179
1.78887
1.81754
1.84773
1.87937
1.91241
1.94678
1.98241
2.01924
2.05721
2.09624
2.13627
2.17724
2.21909
2.26174
2.30514
2.34923
2.39393
2.4392
2.48497
2.53118
2.57776
2.62467
2.67184
2.71921
2.76673
2.81434
2.86197
2.90958
2.9571
3.00447
3.05164
3.09855
3.14513
3.19133
3.2371
3.28236
3.32706
3.37114
3.41454
3.45719
3.49903
3.54
3.58003
3.61905
3.65701
3.69384
3.72947
3.76383
3.79687
3.82851
3.8587
3.88736
3.91444
3.93988
3.96361
3.98559
4.00576
4.02406
4.04046
4.0549
4.06736
4.07779
4.08617
4.09248
4.0967
4.09881
1.58107
1.58321
1.58749
1.59389
1.6024
1.61298
1.62562
1.64027
1.6569
1.67546
1.6959
1.71818
1.74224
1.76801
1.79545
1.82448
1.85505
1.88709
1.92054
1.95533
1.99138
2.02865
2.06705
2.10653
2.14701
2.18844
2.23074
2.27386
2.31772
2.36227
2.40745
2.45318
2.49942
2.5461
2.59316
2.64054
2.68818
2.73603
2.78402
2.8321
2.88021
2.92829
2.97628
3.02413
3.07177
3.11915
3.16621
3.21288
3.25911
3.30485
3.35002
3.39457
3.43843
3.48154
3.52384
3.56526
3.60574
3.64521
3.68361
3.72087
3.75692
3.79171
3.82515
3.85719
3.88776
3.91679
3.94422
3.97
3.99405
4.01633
4.03677
4.05533
4.07196
4.08661
4.09924
4.10983
4.11833
4.12473
4.12901
4.13115
1.58484
1.58702
1.59136
1.59786
1.60649
1.61723
1.63006
1.64493
1.6618
1.68064
1.70138
1.72397
1.74837
1.7745
1.80231
1.83174
1.86271
1.89517
1.92904
1.96427
2.00078
2.0385
2.07736
2.11731
2.15827
2.20017
2.24296
2.28656
2.33092
2.37596
2.42163
2.46786
2.51459
2.56177
2.60932
2.6572
2.70534
2.75369
2.80218
2.85075
2.89936
2.94794
2.99643
3.04478
3.09292
3.1408
3.18835
3.23552
3.28225
3.32847
3.37414
3.41917
3.46352
3.50712
3.5499
3.5918
3.63276
3.6727
3.71157
3.74928
3.78579
3.82101
3.85488
3.88734
3.91831
3.94773
3.97554
4.00167
4.02606
4.04866
4.0694
4.08823
4.1051
4.11997
4.13279
4.14354
4.15217
4.15867
4.16301
4.16519
1.5887
1.59091
1.59533
1.60193
1.6107
1.62161
1.63464
1.64974
1.66688
1.68599
1.70705
1.72998
1.75473
1.78124
1.80945
1.83928
1.87069
1.90359
1.93791
1.9736
2.01058
2.04878
2.08814
2.12858
2.17004
2.21245
2.25574
2.29986
2.34472
2.39028
2.43647
2.48322
2.53047
2.57817
2.62625
2.67465
2.72331
2.77217
2.82119
2.87029
2.91942
2.96852
3.01754
3.0664
3.11507
3.16347
3.21154
3.25923
3.30648
3.35322
3.39941
3.44496
3.48982
3.53393
3.57722
3.61963
3.66108
3.70152
3.74087
3.77907
3.81605
3.85173
3.88606
3.91895
3.95035
3.98019
4.00839
4.0349
4.05965
4.08258
4.10363
4.12275
4.13988
4.15498
4.16801
4.17892
4.1877
4.1943
4.19871
4.20092
1.59265
1.59489
1.59938
1.60609
1.61501
1.6261
1.63934
1.65469
1.6721
1.69152
1.7129
1.73619
1.76131
1.78822
1.81685
1.84712
1.87897
1.91234
1.94714
1.98332
2.02079
2.0595
2.09937
2.14033
2.18231
2.22525
2.26908
2.31373
2.35913
2.40523
2.45196
2.49925
2.54705
2.59529
2.64392
2.69287
2.74208
2.79149
2.84105
2.8907
2.94038
2.99003
3.03959
3.089
3.13821
3.18716
3.23578
3.28402
3.33181
3.3791
3.42582
3.47192
3.51732
3.56196
3.60579
3.64872
3.6907
3.73166
3.77152
3.81022
3.8477
3.88387
3.91867
3.95203
3.98389
4.01415
4.04278
4.06968
4.09481
4.11809
4.13947
4.1589
4.1763
4.19165
4.20489
4.21598
4.2249
4.23161
4.2361
4.23834
1.59666
1.59894
1.60351
1.61033
1.61941
1.63069
1.64415
1.65976
1.67746
1.6972
1.71893
1.74259
1.76811
1.79544
1.8245
1.85523
1.88756
1.92141
1.95672
1.9934
2.0314
2.07064
2.11105
2.15255
2.19508
2.23857
2.28296
2.32817
2.37414
2.4208
2.4681
2.51596
2.56433
2.61314
2.66234
2.71185
2.76164
2.81162
2.86175
2.91197
2.96222
3.01245
3.06258
3.11257
3.16235
3.21187
3.26106
3.30986
3.35823
3.40608
3.45338
3.50004
3.546
3.59121
3.63559
3.67907
3.7216
3.76311
3.80351
3.84274
3.88074
3.91742
3.95272
3.98657
4.0189
4.04962
4.07869
4.10601
4.13154
4.15519
4.17692
4.19666
4.21436
4.22996
4.24343
4.25471
4.26378
4.27061
4.27517
4.27746
1.60072
1.60304
1.60769
1.61464
1.62387
1.63536
1.64906
1.66494
1.68294
1.70302
1.72512
1.74917
1.77511
1.80288
1.8324
1.86361
1.89644
1.9308
1.96663
2.00386
2.0424
2.08219
2.12316
2.16523
2.20834
2.25241
2.29738
2.34318
2.38973
2.43699
2.48487
2.53333
2.58229
2.6317
2.68149
2.7316
2.78198
2.83256
2.88329
2.93411
2.98496
3.03577
3.0865
3.13709
3.18747
3.23758
3.28737
3.33677
3.38572
3.43417
3.48206
3.52931
3.57586
3.62165
3.66662
3.71068
3.75379
3.79586
3.83682
3.87661
3.91515
3.95237
3.9882
4.02256
4.05538
4.08659
4.11611
4.14388
4.16982
4.19387
4.21597
4.23604
4.25405
4.26992
4.28362
4.29511
4.30434
4.31129
4.31594
4.31826
1.60481
1.60718
1.61192
1.619
1.6284
1.6401
1.65405
1.67021
1.68854
1.70897
1.73145
1.75592
1.7823
1.81053
1.84054
1.87225
1.9056
1.9405
1.97688
2.01466
2.05378
2.09415
2.13571
2.17837
2.22208
2.26676
2.31233
2.35874
2.40591
2.45378
2.50228
2.55136
2.60094
2.65096
2.70137
2.75211
2.80311
2.85431
2.90566
2.9571
3.00856
3.06
3.11135
3.16256
3.21356
3.26429
3.31469
3.36471
3.41429
3.46336
3.51186
3.55973
3.60689
3.65329
3.69886
3.74354
3.78724
3.8299
3.87146
3.91183
3.95094
3.98872
4.0251
4.06
4.09334
4.12505
4.15506
4.18329
4.20967
4.23413
4.25661
4.27704
4.29537
4.31153
4.32548
4.33718
4.34658
4.35366
4.35839
4.36076
1.60892
1.61134
1.61616
1.62338
1.63296
1.64488
1.6591
1.67557
1.69423
1.71504
1.73792
1.76282
1.78966
1.81838
1.8489
1.88114
1.91503
1.95049
1.98744
2.02581
2.06553
2.1065
2.14867
2.19196
2.23629
2.2816
2.32781
2.37485
2.42266
2.47117
2.52031
2.57003
2.62025
2.67092
2.72198
2.77336
2.825
2.87685
2.92884
2.98092
3.03304
3.08512
3.13711
3.18896
3.24061
3.29198
3.34303
3.3937
3.44392
3.49363
3.54277
3.59128
3.63908
3.68612
3.73232
3.77762
3.82195
3.86524
3.9074
3.94838
3.98809
4.02646
4.06341
4.09887
4.13275
4.16499
4.19551
4.22422
4.25106
4.27596
4.29885
4.31965
4.33831
4.35478
4.36899
4.38091
4.3905
4.39771
4.40254
4.40495
1.61303
1.6155
1.62042
1.62778
1.63755
1.64971
1.6642
1.68098
1.7
1.7212
1.74451
1.76986
1.79719
1.82642
1.85746
1.89026
1.92471
1.96076
1.99831
2.0373
2.07763
2.11924
2.16205
2.20599
2.25097
2.29693
2.34379
2.3915
2.43997
2.48915
2.53896
2.58934
2.64023
2.69157
2.74329
2.79534
2.84765
2.90017
2.95283
3.00558
3.05836
3.11112
3.16378
3.2163
3.26861
3.32066
3.37238
3.42371
3.47459
3.52497
3.57478
3.62395
3.67242
3.72012
3.76698
3.81294
3.85792
3.90185
3.94465
3.98626
4.02659
4.06557
4.10313
4.13917
4.17363
4.20642
4.23746
4.26669
4.29401
4.31936
4.34267
4.36387
4.38289
4.39967
4.41416
4.42631
4.43609
4.44345
4.44837
4.45083
1.61712
1.61964
1.62466
1.63217
1.64215
1.65455
1.66933
1.68645
1.70584
1.72745
1.7512
1.77703
1.80487
1.83462
1.86623
1.8996
1.93465
1.97131
2.00949
2.04911
2.09009
2.13236
2.17584
2.22044
2.2661
2.31274
2.36029
2.40868
2.45784
2.5077
2.55821
2.60928
2.66087
2.7129
2.76531
2.81805
2.87106
2.92427
2.97762
3.03107
3.08454
3.13799
3.19134
3.24455
3.29756
3.3503
3.40271
3.45474
3.50631
3.55738
3.60788
3.65775
3.7069
3.75529
3.80283
3.84947
3.89513
3.93973
3.9832
4.02546
4.06644
4.10606
4.14424
4.18089
4.21595
4.24931
4.28091
4.31067
4.3385
4.36433
4.38808
4.40969
4.42908
4.4462
4.46098
4.47338
4.48336
4.49087
4.49589
4.49841
1.62117
1.62374
1.62887
1.63654
1.64673
1.65939
1.67448
1.69194
1.71173
1.73377
1.75799
1.78432
1.81268
1.84299
1.87518
1.90915
1.94482
1.98212
2.02095
2.06124
2.10289
2.14585
2.19001
2.23531
2.28167
2.32902
2.37728
2.42638
2.47626
2.52683
2.57805
2.62984
2.68215
2.73489
2.78803
2.84148
2.89521
2.94913
3.0032
3.05737
3.11156
3.16572
3.21979
3.27372
3.32744
3.3809
3.43403
3.48677
3.53906
3.59085
3.64207
3.69264
3.74251
3.79161
3.83987
3.88721
3.93357
3.97887
4.02303
4.06597
4.10763
4.14791
4.18674
4.22403
4.25971
4.29367
4.32586
4.35617
4.38453
4.41086
4.43508
4.45712
4.4769
4.49437
4.50946
4.52211
4.5323
4.53997
4.5451
4.54767
1.62516
1.62779
1.63303
1.64087
1.65127
1.66421
1.67962
1.69745
1.71765
1.74014
1.76485
1.7917
1.82062
1.85151
1.8843
1.9189
1.95522
1.99318
2.03269
2.07367
2.11603
2.15969
2.20457
2.25059
2.29768
2.34576
2.39476
2.4446
2.49521
2.54653
2.59849
2.65102
2.70406
2.75755
2.81143
2.86562
2.92009
2.97475
3.02957
3.08447
3.1394
3.1943
3.24911
3.30378
3.35825
3.41244
3.46631
3.5198
3.57283
3.62536
3.67732
3.72863
3.77924
3.82908
3.87807
3.92614
3.97323
4.01925
4.06413
4.10779
4.15014
4.19112
4.23062
4.26858
4.3049
4.3395
4.37229
4.40318
4.43209
4.45895
4.48365
4.50614
4.52634
4.54417
4.55958
4.57251
4.58292
4.59076
4.596
4.59862
1.62907
1.63176
1.63712
1.64513
1.65577
1.66899
1.68473
1.70295
1.72358
1.74654
1.77176
1.79916
1.82866
1.86016
1.89358
1.92884
1.96583
2.00448
2.0447
2.08639
2.12948
2.17388
2.2195
2.26628
2.31412
2.36296
2.41271
2.46331
2.51469
2.56677
2.6195
2.6728
2.72661
2.78086
2.8355
2.89046
2.94569
3.00112
3.0567
3.11236
3.16806
3.22372
3.2793
3.33473
3.38996
3.44492
3.49956
3.55381
3.60761
3.6609
3.71363
3.76571
3.81708
3.86768
3.91743
3.96626
4.0141
4.06087
4.10649
4.15089
4.19398
4.23567
4.27588
4.31453
4.35152
4.38677
4.42019
4.45169
4.48118
4.50858
4.5338
4.55677
4.57739
4.59561
4.61136
4.62457
4.63521
4.64323
4.64859
4.65127
1.63287
1.63562
1.64111
1.64931
1.66019
1.6737
1.68981
1.70843
1.72951
1.75297
1.77872
1.80669
1.83679
1.86893
1.90301
1.93894
1.97664
2.01601
2.05696
2.0994
2.14324
2.1884
2.2348
2.28235
2.33097
2.38059
2.43113
2.48252
2.53469
2.58756
2.64108
2.69517
2.74976
2.80481
2.86024
2.91599
2.972
3.02822
3.08459
3.14104
3.19752
3.25398
3.31034
3.36656
3.42258
3.47833
3.53375
3.58879
3.64338
3.69747
3.75098
3.80385
3.85602
3.9074
3.95794
4.00755
4.05617
4.10372
4.15011
4.19527
4.23911
4.28155
4.3225
4.36186
4.39956
4.43549
4.46957
4.5017
4.5318
4.55977
4.58552
4.60898
4.63006
4.64868
4.66478
4.6783
4.68918
4.69738
4.70287
4.70561
1.63655
1.63936
1.64498
1.65337
1.66451
1.67834
1.69482
1.71386
1.73542
1.75939
1.78571
1.81428
1.845
1.8778
1.91257
1.94921
1.98764
2.02775
2.06946
2.11267
2.1573
2.20325
2.25045
2.2988
2.34823
2.39866
2.45002
2.50222
2.5552
2.60889
2.66322
2.71812
2.77353
2.82939
2.88563
2.9422
2.99902
3.05605
3.11323
3.17049
3.22778
3.28505
3.34223
3.39926
3.45609
3.51265
3.56889
3.62474
3.68014
3.73504
3.78937
3.84305
3.89603
3.94823
3.99958
4.05001
4.09943
4.14778
4.19498
4.24092
4.28555
4.32876
4.37047
4.41058
4.449
4.48564
4.52041
4.55321
4.58393
4.6125
4.63881
4.66279
4.68434
4.70339
4.71986
4.73369
4.74483
4.75322
4.75884
4.76165
1.64007
1.64296
1.64871
1.65731
1.66871
1.68288
1.69974
1.71923
1.74128
1.7658
1.7927
1.82189
1.85328
1.88676
1.92224
1.95962
1.99881
2.0397
2.0822
2.12621
2.17165
2.21842
2.26644
2.31562
2.36589
2.41715
2.46935
2.52239
2.57621
2.63074
2.6859
2.74165
2.7979
2.85459
2.91167
2.96907
3.02673
3.0846
3.14261
3.2007
3.25883
3.31693
3.37494
3.43281
3.49047
3.54787
3.60494
3.66163
3.71788
3.77361
3.82878
3.8833
3.93712
3.99016
4.04234
4.09361
4.14387
4.19305
4.24107
4.28783
4.33327
4.37728
4.41978
4.46066
4.49985
4.53723
4.57271
4.60619
4.63758
4.66677
4.69367
4.71818
4.74023
4.75972
4.77658
4.79075
4.80215
4.81075
4.8165
4.81939
1.64342
1.64638
1.65227
1.66109
1.67277
1.68728
1.70456
1.72451
1.74708
1.77216
1.79968
1.82952
1.86159
1.89579
1.93202
1.97017
2.01014
2.05184
2.09515
2.14
2.18627
2.23389
2.28277
2.33281
2.38393
2.43606
2.48911
2.54302
2.59771
2.6531
2.70913
2.76573
2.82285
2.8804
2.93834
2.9966
3.05512
3.11384
3.17271
3.23166
3.29065
3.3496
3.40847
3.4672
3.52572
3.58398
3.64191
3.69946
3.75657
3.81317
3.86919
3.92459
3.97927
4.03317
4.08622
4.13834
4.18947
4.23951
4.28837
4.33599
4.38226
4.42711
4.47042
4.51211
4.55208
4.59023
4.62646
4.66066
4.69273
4.72257
4.75008
4.77516
4.79773
4.81769
4.83496
4.84947
4.86115
4.86997
4.87586
4.87882
1.64656
1.64959
1.65564
1.66468
1.67667
1.69154
1.70924
1.72969
1.7528
1.77848
1.80663
1.83715
1.86994
1.90488
1.94188
1.98083
2.02162
2.06415
2.10831
2.15402
2.20116
2.24966
2.29941
2.35034
2.40235
2.45536
2.50931
2.56411
2.61968
2.67596
2.73288
2.79037
2.84837
2.90681
2.96563
3.02478
3.08418
3.14378
3.20353
3.26336
3.32323
3.38306
3.44281
3.50242
3.56182
3.62096
3.67978
3.73821
3.7962
3.85369
3.91061
3.96689
4.02246
4.07725
4.13119
4.18421
4.23622
4.28714
4.33689
4.38538
4.43252
4.47822
4.52238
4.56491
4.6057
4.64464
4.68164
4.71659
4.74938
4.7799
4.80805
4.83372
4.85683
4.87728
4.89498
4.90985
4.92184
4.93088
4.93693
4.93996
1.64947
1.65258
1.65879
1.66807
1.68036
1.69562
1.71377
1.73473
1.75841
1.78471
1.81353
1.84476
1.87829
1.91402
1.95182
1.9916
2.03324
2.07663
2.12167
2.16826
2.21631
2.2657
2.31637
2.3682
2.42113
2.47506
2.52992
2.58564
2.64213
2.69932
2.75715
2.81556
2.87446
2.93381
2.99354
3.05359
3.11389
3.1744
3.23505
3.29579
3.35655
3.41729
3.47794
3.53845
3.59876
3.6588
3.71853
3.77787
3.83677
3.89517
3.953
4.01019
4.06668
4.12239
4.17725
4.23118
4.2841
4.33593
4.38659
4.43599
4.48403
4.53062
4.57566
4.61905
4.66069
4.70046
4.73826
4.77399
4.80752
4.83875
4.86757
4.89386
4.91754
4.9385
4.95665
4.97191
4.9842
4.99348
4.99969
5.0028
1.65212
1.65531
1.66169
1.67122
1.68384
1.6995
1.71812
1.73962
1.76389
1.79084
1.82036
1.85233
1.88664
1.92317
1.96182
2.00245
2.04497
2.08926
2.13521
2.18272
2.23169
2.28202
2.33362
2.3864
2.44026
2.49514
2.55094
2.6076
2.66503
2.72316
2.78193
2.84127
2.90111
2.96139
3.02205
3.08302
3.14425
3.20569
3.26726
3.32892
3.39062
3.45228
3.51385
3.57529
3.63652
3.6975
3.75815
3.81843
3.87826
3.93759
3.99636
4.05449
4.11192
4.16857
4.22437
4.27924
4.33311
4.38588
4.43748
4.4878
4.53677
4.58428
4.63023
4.67452
4.71703
4.75767
4.79631
4.83284
4.86715
4.89912
4.92863
4.95558
4.97985
5.00135
5.01997
5.03563
5.04825
5.05778
5.06416
5.06735
1.65447
1.65776
1.66432
1.6741
1.68707
1.70316
1.72227
1.74433
1.76923
1.79686
1.8271
1.85984
1.89496
1.93234
1.97185
2.01338
2.05681
2.10203
2.14892
2.19738
2.2473
2.2986
2.35116
2.40491
2.45974
2.51559
2.57236
2.62998
2.68838
2.74747
2.8072
2.8675
2.9283
2.98953
3.05114
3.11307
3.17525
3.23763
3.30015
3.36276
3.4254
3.48801
3.55053
3.61292
3.6751
3.73703
3.79863
3.85986
3.92065
3.98095
4.04067
4.09977
4.15816
4.21578
4.27254
4.32838
4.38322
4.43696
4.48952
4.54081
4.59074
4.6392
4.68609
4.7313
4.77473
4.81625
4.85577
4.89314
4.92826
4.961
4.99124
5.01887
5.04377
5.06582
5.08494
5.10102
5.11399
5.12378
5.13034
5.13362
1.65651
1.65989
1.66663
1.67669
1.69003
1.70655
1.72619
1.74884
1.77439
1.80273
1.83373
1.86728
1.90324
1.9415
1.98191
2.02437
2.06874
2.11492
2.16278
2.21222
2.26314
2.31542
2.36898
2.42372
2.47956
2.5364
2.59416
2.65277
2.71216
2.77224
2.83296
2.89424
2.95601
3.01823
3.08081
3.14371
3.20687
3.27022
3.33371
3.39729
3.4609
3.52447
3.58797
3.65132
3.71448
3.77737
3.83996
3.90216
3.96394
4.02521
4.08592
4.14601
4.20539
4.264
4.32176
4.37859
4.43443
4.48916
4.54272
4.595
4.64591
4.69535
4.74321
4.78939
4.83376
4.87621
4.91663
4.95488
4.99084
5.02439
5.05539
5.08373
5.10928
5.13193
5.15157
5.16809
5.18142
5.19149
5.19823
5.20161
1.65818
1.66166
1.6686
1.67896
1.69267
1.70967
1.72985
1.75312
1.77935
1.80844
1.84024
1.87463
1.91147
1.95063
1.99198
2.0354
2.08075
2.12792
2.17679
2.22725
2.27918
2.33248
2.38707
2.44283
2.49969
2.55755
2.61634
2.67597
2.73637
2.79746
2.85919
2.92147
2.98425
3.04747
3.11105
3.17495
3.23909
3.30344
3.36792
3.43249
3.49709
3.56166
3.62614
3.69049
3.75464
3.81853
3.88211
3.94532
4.00809
4.07037
4.13209
4.19319
4.25359
4.31321
4.37199
4.42985
4.48671
4.54247
4.59705
4.65035
4.70228
4.75274
4.8016
4.84877
4.89412
4.93754
4.97889
5.01805
5.05489
5.08928
5.12108
5.15016
5.17639
5.19966
5.21984
5.23684
5.25055
5.26091
5.26785
5.27133
1.65947
1.66305
1.6702
1.68086
1.69498
1.71247
1.73323
1.75714
1.7841
1.81396
1.84659
1.88185
1.91961
1.95972
2.00205
2.04646
2.09283
2.14103
2.19093
2.24243
2.29541
2.34977
2.40541
2.46222
2.52013
2.57904
2.63888
2.69955
2.76099
2.82312
2.88588
2.94919
3.013
3.07724
3.14184
3.20675
3.27192
3.33727
3.40277
3.46835
3.53396
3.59954
3.66504
3.7304
3.79556
3.86048
3.92508
3.98931
4.05311
4.11642
4.17917
4.2413
4.30274
4.36341
4.42324
4.48215
4.54005
4.59687
4.6525
4.70686
4.75984
4.81133
4.86124
4.90943
4.9558
5.00021
5.04253
5.08265
5.1204
5.15566
5.18829
5.21815
5.24511
5.26902
5.28978
5.30727
5.32138
5.33205
5.33919
5.34278
1.66033
1.66402
1.67139
1.68238
1.69692
1.71492
1.73629
1.76089
1.78859
1.81927
1.85277
1.88895
1.92766
1.96875
2.01209
2.05754
2.10496
2.15422
2.20519
2.25777
2.31183
2.36727
2.42399
2.48189
2.54088
2.60086
2.66177
2.72351
2.78601
2.84921
2.91302
2.97739
3.04224
3.10752
3.17317
3.23912
3.30532
3.37172
3.43825
3.50486
3.5715
3.63812
3.70465
3.77104
3.83725
3.9032
3.96884
4.03412
4.09897
4.16333
4.22714
4.29033
4.35283
4.41457
4.47547
4.53546
4.59444
4.65234
4.70905
4.76449
4.81855
4.87113
4.9221
4.97136
5.01877
5.06422
5.10756
5.14865
5.18736
5.22354
5.25704
5.28771
5.31542
5.34002
5.36138
5.37938
5.39392
5.40491
5.41228
5.41597
1.66072
1.66454
1.67213
1.68346
1.69845
1.717
1.739
1.76432
1.79282
1.82435
1.85875
1.89588
1.93559
1.97771
2.0221
2.06862
2.11712
2.16748
2.21956
2.27324
2.32842
2.38497
2.4428
2.50181
2.56191
2.623
2.685
2.74784
2.81143
2.87571
2.9406
3.00604
3.07197
3.13832
3.20503
3.27204
3.3393
3.40675
3.47434
3.542
3.6097
3.67737
3.74496
3.81241
3.87967
3.94668
4.01339
4.07973
4.14565
4.21109
4.27598
4.34025
4.40384
4.46668
4.52868
4.58976
4.64986
4.70886
4.76669
4.82324
4.87842
4.9321
4.98418
5.03453
5.08304
5.12955
5.17394
5.21606
5.25576
5.29289
5.3273
5.35883
5.38732
5.41264
5.43464
5.45319
5.46818
5.47951
5.48711
5.49092
1.66061
1.66455
1.67239
1.68409
1.69955
1.71868
1.74134
1.76742
1.79674
1.82916
1.86452
1.90265
1.94338
1.98657
2.03205
2.07968
2.1293
2.18079
2.23402
2.28884
2.34516
2.40286
2.46184
2.52199
2.58321
2.64543
2.70856
2.77252
2.83723
2.90261
2.96861
3.03515
3.10217
3.1696
3.2374
3.30549
3.37383
3.44236
3.51102
3.57976
3.64853
3.71728
3.78594
3.85447
3.92281
3.99091
4.0587
4.12613
4.19314
4.25968
4.32567
4.39106
4.45576
4.51971
4.58284
4.64505
4.70628
4.76643
4.8254
4.88309
4.93941
4.99424
5.04746
5.09895
5.14857
5.1962
5.24168
5.28486
5.3256
5.36373
5.39908
5.4315
5.46083
5.4869
5.50956
5.52869
5.54415
5.55585
5.56369
5.56763
1.65996
1.66403
1.67213
1.68421
1.70017
1.71991
1.74328
1.77014
1.80034
1.8337
1.87005
1.90921
1.95103
1.99532
2.04193
2.09071
2.1415
2.19416
2.24855
2.30456
2.36206
2.42094
2.48108
2.5424
2.60479
2.66817
2.73244
2.79754
2.86339
2.92991
2.99703
3.06469
3.13282
3.20137
3.27027
3.33947
3.40891
3.47853
3.54829
3.61813
3.688
3.75783
3.82759
3.89722
3.96666
4.03586
4.10476
4.1733
4.24143
4.30909
4.3762
4.44272
4.50856
4.57366
4.63793
4.70131
4.7637
4.82501
4.88515
4.94403
5.00152
5.05753
5.11192
5.16458
5.21537
5.26414
5.31075
5.35505
5.39686
5.43603
5.47237
5.50573
5.53593
5.56279
5.58616
5.6059
5.62186
5.63394
5.64204
5.64611
1.65872
1.66292
1.6713
1.68379
1.70028
1.72066
1.74478
1.77248
1.80359
1.83792
1.87531
1.91556
1.9585
2.00394
2.05173
2.1017
2.15369
2.20755
2.26316
2.32038
2.37909
2.43917
2.50052
2.56304
2.62662
2.69118
2.75663
2.8229
2.88991
2.95758
3.02585
3.09465
3.16393
3.23361
3.30363
3.37396
3.44452
3.51526
3.58613
3.65709
3.72807
3.79902
3.8699
3.94064
4.0112
4.08152
4.15155
4.22122
4.29049
4.35929
4.42756
4.49523
4.56223
4.6285
4.69395
4.75851
4.82209
4.8846
4.94594
5.00602
5.06473
5.12195
5.17756
5.23142
5.28341
5.33338
5.38116
5.42661
5.46954
5.50979
5.54717
5.58151
5.61262
5.64032
5.66444
5.68482
5.70131
5.7138
5.72218
5.72638
1.65684
1.66119
1.66986
1.68278
1.69983
1.72089
1.7458
1.77438
1.80645
1.84182
1.88029
1.92167
1.96578
2.01242
2.06143
2.11262
2.16586
2.22097
2.27783
2.3363
2.39625
2.45757
2.52015
2.58389
2.64869
2.71446
2.78112
2.84858
2.91677
2.98562
3.05507
3.12503
3.19546
3.2663
3.33747
3.40894
3.48064
3.55252
3.62453
3.69662
3.76873
3.84082
3.91283
3.98471
4.05642
4.12788
4.19906
4.26988
4.34031
4.41027
4.47971
4.54856
4.61675
4.68421
4.75086
4.81663
4.88143
4.94517
5.00774
5.06906
5.12902
5.18748
5.24434
5.29945
5.35268
5.40388
5.45288
5.49952
5.54362
5.58501
5.62348
5.65885
5.69092
5.7195
5.7444
5.76546
5.78252
5.79543
5.8041
5.80846
1.65428
1.65879
1.66777
1.68115
1.6988
1.72058
1.74631
1.77582
1.8089
1.84535
1.88496
1.92753
1.97285
2.02074
2.071
2.12348
2.17799
2.23439
2.29254
2.35229
2.41352
2.47611
2.53996
2.60495
2.671
2.738
2.80589
2.87457
2.94397
3.01402
3.08466
3.15581
3.22742
3.29943
3.37177
3.4444
3.51726
3.5903
3.66347
3.73671
3.80998
3.88322
3.95639
4.02943
4.10229
4.17492
4.24726
4.31926
4.39087
4.46201
4.53265
4.6027
4.6721
4.74078
4.80866
4.87566
4.9417
5.0067
5.07054
5.13313
5.19436
5.25411
5.31225
5.36865
5.42317
5.47564
5.5259
5.57379
5.61911
5.66167
5.70128
5.73773
5.77081
5.80032
5.82606
5.84784
5.86549
5.87886
5.88784
5.89236
1.65098
1.65566
1.66498
1.67884
1.69713
1.71967
1.74629
1.77677
1.81092
1.8485
1.8893
1.9331
1.9797
2.02888
2.08045
2.13425
2.19009
2.24781
2.30728
2.36835
2.43089
2.49479
2.55993
2.62621
2.69353
2.7618
2.83093
2.90086
2.97149
3.04277
3.11462
3.18698
3.25979
3.33299
3.40652
3.48034
3.55438
3.62859
3.70293
3.77734
3.85178
3.9262
4.00054
4.07476
4.1488
4.22261
4.29614
4.36934
4.44214
4.5145
4.58635
4.65762
4.72825
4.79817
4.86731
4.93557
5.00289
5.06917
5.1343
5.1982
5.26074
5.32181
5.38128
5.439
5.49484
5.54863
5.60021
5.64939
5.69598
5.73978
5.78057
5.81816
5.8523
5.88279
5.90941
5.93195
5.95023
5.9641
5.97341
5.9781
1.6469
1.65176
1.66143
1.67582
1.69478
1.71813
1.74568
1.7772
1.81247
1.85124
1.89329
1.93838
1.98629
2.03682
2.08975
2.14491
2.20212
2.26122
2.32205
2.38447
2.44836
2.51359
2.58006
2.64765
2.71627
2.78583
2.85624
2.92743
2.99932
3.07185
3.14493
3.21852
3.29255
3.36697
3.44171
3.51672
3.59196
3.66737
3.7429
3.81851
3.89414
3.96974
4.04528
4.12069
4.19593
4.27094
4.34568
4.42009
4.49412
4.5677
4.64079
4.71331
4.7852
4.85638
4.9268
4.99635
5.06497
5.13256
5.19902
5.26425
5.32814
5.39056
5.45139
5.51049
5.56769
5.62285
5.67579
5.72631
5.77422
5.81931
5.86135
5.90013
5.93539
5.96692
5.99447
6.01782
6.03678
6.05116
6.06084
6.0657
1.64198
1.64703
1.65708
1.67202
1.6917
1.71592
1.74445
1.77707
1.81352
1.85355
1.8969
1.94334
1.99263
2.04455
2.09889
2.15547
2.21409
2.27459
2.33682
2.40064
2.46591
2.53251
2.60033
2.66926
2.73921
2.81008
2.8818
2.95428
3.02745
3.10124
3.17559
3.25043
3.3257
3.40134
3.47731
3.55355
3.63
3.70663
3.78337
3.86018
3.93702
4.01384
4.09058
4.16721
4.24366
4.3199
4.39587
4.47151
4.54678
4.62161
4.69595
4.76974
4.84291
4.91539
4.9871
5.05797
5.12792
5.19685
5.26467
5.33127
5.39653
5.46035
5.52258
5.58308
5.6417
5.69827
5.75262
5.80454
5.85382
5.90026
5.94361
5.98364
6.02009
6.0527
6.08124
6.10546
6.12514
6.14008
6.15013
6.15519
1.63615
1.64141
1.65187
1.66741
1.68785
1.71299
1.74258
1.77635
1.81405
1.85539
1.90012
1.94796
1.99869
2.05206
2.10786
2.16589
2.22597
2.28793
2.3516
2.41685
2.48353
2.55153
2.62073
2.69104
2.76234
2.83456
2.9076
2.9814
3.05587
3.13095
3.20657
3.28268
3.35921
3.43611
3.51332
3.5908
3.66849
3.74634
3.82432
3.90236
3.98042
4.05847
4.13644
4.21429
4.29199
4.36946
4.44667
4.52357
4.6001
4.6762
4.75182
4.8269
4.90137
4.97516
5.0482
5.12041
5.19172
5.26202
5.33122
5.39922
5.4659
5.53115
5.59482
5.65677
5.71685
5.77488
5.83068
5.88405
5.93478
5.98262
6.02734
6.06869
6.10638
6.14016
6.16975
6.19488
6.21533
6.23087
6.24133
6.24659
1.62935
1.63484
1.64574
1.66192
1.68318
1.7093
1.74
1.77501
1.81402
1.85675
1.90291
1.95223
2.00445
2.05932
2.11664
2.17618
2.23777
2.30122
2.36637
2.43308
2.50121
2.57065
2.64127
2.71297
2.78566
2.85924
2.93363
3.00877
3.08456
3.16095
3.23788
3.31527
3.39308
3.47125
3.54973
3.62846
3.70741
3.78651
3.86573
3.94501
4.02432
4.10361
4.18283
4.26193
4.34087
4.41961
4.49808
4.57625
4.65406
4.73145
4.80837
4.88476
4.96055
5.03568
5.11007
5.18365
5.25634
5.32804
5.39865
5.46809
5.53622
5.60293
5.66808
5.73153
5.79311
5.85266
5.90997
5.96485
6.01706
6.06638
6.11254
6.15527
6.19428
6.22928
6.25999
6.28611
6.30737
6.32355
6.33445
6.33994
1.62153
1.62725
1.63862
1.65549
1.67764
1.7048
1.7367
1.773
1.81341
1.85759
1.90526
1.95612
2.00989
2.06634
2.12522
2.18633
2.24946
2.31445
2.38112
2.44933
2.51895
2.58985
2.66192
2.73504
2.80914
2.88412
2.95989
3.03638
3.11352
3.19124
3.26949
3.34819
3.4273
3.50676
3.58651
3.66652
3.74673
3.8271
3.90758
3.98813
4.0687
4.14924
4.22973
4.3101
4.39031
4.47032
4.55008
4.62953
4.70864
4.78734
4.86558
4.9433
5.02044
5.09692
5.17269
5.24766
5.32176
5.39488
5.46695
5.53785
5.60746
5.67568
5.74235
5.80734
5.87047
5.93157
5.99046
6.0469
6.10067
6.15153
6.19919
6.24338
6.28378
6.32009
6.35198
6.37915
6.4013
6.41816
6.42954
6.43526
1.61259
1.61858
1.63046
1.64807
1.67116
1.69945
1.73261
1.7703
1.81218
1.8579
1.90715
1.95961
2.01501
2.07309
2.13359
2.19631
2.26104
2.32761
2.39584
2.4656
2.53673
2.60913
2.68267
2.75726
2.83279
2.90918
2.98635
3.06422
3.14273
3.2218
3.30139
3.38142
3.46184
3.54261
3.62366
3.70497
3.78646
3.86811
3.94987
4.03169
4.11354
4.19536
4.27712
4.35878
4.44028
4.52158
4.60263
4.6834
4.76382
4.84385
4.92342
5.0025
5.081
5.15887
5.23604
5.31242
5.38795
5.46254
5.53608
5.60847
5.67961
5.74936
5.8176
5.88416
5.9489
6.01161
6.07212
6.13019
6.18558
6.23805
6.28729
6.33301
6.37489
6.41258
6.44574
6.47403
6.49713
6.51474
6.52662
6.53261
1.60247
1.60874
1.62118
1.63959
1.66371
1.6932
1.72772
1.76688
1.81031
1.85765
1.90856
1.9627
2.01979
2.07955
2.14174
2.20612
2.2725
2.3407
2.41053
2.48186
2.55455
2.62848
2.70352
2.77959
2.85658
2.93442
3.01301
3.09229
3.17218
3.25263
3.33357
3.41494
3.4967
3.57879
3.66116
3.74377
3.82657
3.90952
3.99257
4.07569
4.15883
4.24194
4.325
4.40795
4.49075
4.57336
4.65573
4.73782
4.81958
4.90095
4.98189
5.06233
5.14222
5.22149
5.30008
5.37791
5.4549
5.53097
5.60601
5.67994
5.75263
5.82396
5.8938
5.96199
6.02837
6.09275
6.15493
6.21469
6.27178
6.32592
6.37683
6.42417
6.4676
6.50676
6.54128
6.57077
6.59489
6.6133
6.62574
6.63201
1.59108
1.59766
1.61071
1.62999
1.65521
1.686
1.72196
1.76269
1.80777
1.85682
1.90946
1.96537
2.02422
2.08573
2.14966
2.21576
2.28384
2.3537
2.42518
2.49812
2.5724
2.64789
2.72447
2.80204
2.88052
2.95982
3.03986
3.12056
3.20186
3.2837
3.36602
3.44876
3.53187
3.6153
3.699
3.78293
3.86705
3.95131
4.03568
4.1201
4.20454
4.28897
4.37333
4.4576
4.54172
4.62565
4.70936
4.79279
4.87589
4.95863
5.04094
5.12278
5.20407
5.28477
5.3648
5.4441
5.52257
5.60015
5.67673
5.75222
5.8265
5.89945
5.97092
6.04079
6.10886
6.17496
6.23888
6.3004
6.35924
6.41514
6.46779
6.51683
6.56191
6.60264
6.63861
6.6694
6.69462
6.71391
6.72695
6.73353
1.57834
1.58526
1.59896
1.61919
1.64561
1.67779
1.71531
1.7577
1.80453
1.85538
1.90985
1.96759
2.02828
2.09161
2.15734
2.22522
2.29504
2.36661
2.43977
2.51437
2.59027
2.66735
2.74549
2.82461
2.9046
2.98538
3.06688
3.14903
3.23176
3.31501
3.39872
3.48284
3.56732
3.65211
3.73716
3.82243
3.90788
3.99347
4.07916
4.1649
4.25067
4.33642
4.42211
4.5077
4.59315
4.67843
4.76348
4.84827
4.93274
5.01686
5.10057
5.18381
5.26654
5.34868
5.43018
5.51096
5.59095
5.67006
5.74821
5.82528
5.90119
5.97579
6.04895
6.12052
6.19034
6.25822
6.32394
6.38727
6.44795
6.50569
6.56016
6.611
6.65783
6.70023
6.73775
6.76994
6.79635
6.81659
6.83029
6.83721
1.56414
1.57143
1.58586
1.60713
1.63484
1.66853
1.70771
1.75189
1.80057
1.85332
1.90971
1.96937
2.03197
2.09719
2.16477
2.23448
2.30609
2.37943
2.45431
2.5306
2.60815
2.68685
2.76659
2.84727
2.92879
3.01109
3.09408
3.17769
3.26187
3.34655
3.43167
3.51719
3.60305
3.68921
3.77563
3.86225
3.94905
4.03598
4.12301
4.21009
4.29719
4.38427
4.4713
4.55824
4.64504
4.73167
4.81809
4.90425
4.9901
5.07562
5.16074
5.24541
5.32958
5.41319
5.49617
5.57846
5.65999
5.74067
5.82041
5.89911
5.97667
6.05296
6.12784
6.20118
6.27279
6.34249
6.41007
6.47529
6.53788
6.59754
6.65393
6.70667
6.75535
6.79953
6.83872
6.87241
6.90013
6.9214
6.93583
6.94312
1.54839
1.55609
1.57131
1.59371
1.62284
1.65816
1.69914
1.74521
1.79587
1.85062
1.90902
1.97069
2.03527
2.10245
2.17196
2.24355
2.317
2.39214
2.46879
2.5468
2.62604
2.7064
2.78775
2.87002
2.95311
3.03694
3.12143
3.20653
3.29217
3.3783
3.46485
3.55178
3.63904
3.72659
3.81438
3.90238
3.99054
4.07883
4.1672
4.25563
4.34408
4.43252
4.5209
4.60919
4.69736
4.78536
4.87315
4.9607
5.04796
5.13488
5.22143
5.30755
5.39318
5.47828
5.56277
5.64659
5.72968
5.81195
5.8933
5.97366
6.05291
6.13092
6.20757
6.28271
6.35617
6.42775
6.49726
6.56443
6.629
6.69067
6.74907
6.80382
6.85447
6.90055
6.94153
6.97686
7.00599
7.02839
7.04362
7.05132
1.53095
1.53911
1.55521
1.57886
1.60954
1.64663
1.68954
1.73765
1.79039
1.84726
1.90778
1.97154
2.03819
2.10739
2.17888
2.25241
2.32776
2.40475
2.4832
2.56298
2.64394
2.72597
2.80898
2.89286
2.97753
3.06291
3.14894
3.23554
3.32266
3.41025
3.49825
3.58661
3.67529
3.76424
3.85342
3.9428
4.03233
4.12199
4.21173
4.30152
4.39134
4.48113
4.57088
4.66054
4.75008
4.83946
4.92865
5.0176
5.10627
5.19463
5.28262
5.3702
5.45732
5.54392
5.62994
5.71531
5.79998
5.88386
5.96687
6.04891
6.12988
6.20966
6.28811
6.3651
6.44045
6.51397
6.58546
6.65466
6.7213
6.78506
6.84557
6.90244
6.95518
7.00329
7.0462
7.0833
7.11398
7.13764
7.15374
7.1619
1.51172
1.52039
1.53747
1.5625
1.59487
1.63389
1.67888
1.72916
1.78413
1.84323
1.90597
1.97192
2.04071
2.11202
2.18555
2.26108
2.33837
2.41725
2.49755
2.57912
2.66183
2.74558
2.83026
2.91577
3.00205
3.08901
3.17658
3.26471
3.35333
3.4424
3.53185
3.62166
3.71176
3.80213
3.89272
3.98349
4.07441
4.16545
4.25657
4.34774
4.43893
4.5301
4.62122
4.71227
4.8032
4.89397
4.98457
5.07493
5.16504
5.25484
5.34429
5.43335
5.52196
5.61008
5.69765
5.7846
5.87087
5.95639
6.04107
6.12482
6.20755
6.28912
6.36942
6.4483
6.5256
6.60112
6.67465
6.74595
6.81473
6.88068
6.94341
7.00251
7.05747
7.10776
7.15275
7.19178
7.22415
7.24919
7.26628
7.27495
1.49053
1.49978
1.51796
1.54453
1.57876
1.61989
1.66712
1.71974
1.77706
1.83852
1.90358
1.97182
2.04284
2.11632
2.19197
2.26954
2.34883
2.42964
2.51182
2.59522
2.67972
2.7652
2.85158
2.93876
3.02666
3.11521
3.20435
3.29402
3.38416
3.47472
3.56565
3.65692
3.74847
3.84026
3.93227
4.02445
4.11677
4.2092
4.30171
4.39426
4.48683
4.57939
4.67191
4.76435
4.85668
4.94886
5.04087
5.13267
5.22422
5.31547
5.4064
5.49695
5.58708
5.67674
5.76587
5.85442
5.94232
6.0295
6.11588
6.20138
6.28588
6.36929
6.45147
6.53229
6.61157
6.68914
6.76479
6.83826
6.90927
6.9775
7.04256
7.10401
7.16133
7.21395
7.26119
7.30232
7.33656
7.36314
7.38133
7.39058
1.46725
1.47715
1.49657
1.52485
1.56115
1.60457
1.65424
1.70935
1.76918
1.83312
1.90062
1.97124
2.04458
2.1203
2.19812
2.2778
2.35913
2.44192
2.52602
2.61128
2.69759
2.78485
2.87295
2.96181
3.05135
3.14152
3.23225
3.32347
3.41514
3.50721
3.59964
3.69237
3.78538
3.87862
3.97205
4.06565
4.15938
4.25321
4.34712
4.44108
4.53504
4.629
4.72292
4.81676
4.9105
5.00411
5.09755
5.19079
5.2838
5.37652
5.46894
5.561
5.65266
5.74387
5.83459
5.92475
6.0143
6.10316
6.19127
6.27853
6.36485
6.45012
6.53423
6.61702
6.69835
6.77802
6.85584
6.93155
7.00487
7.07548
7.14298
7.20691
7.26675
7.32186
7.37154
7.41496
7.45127
7.47956
7.49899
7.50889
1.4417
1.45234
1.47317
1.50337
1.54195
1.58788
1.64019
1.69797
1.76047
1.82703
1.89709
1.97019
2.04592
2.12396
2.20402
2.28586
2.36928
2.45409
2.54014
2.6273
2.71546
2.8045
2.89435
2.98491
3.07613
3.16793
3.26025
3.35305
3.44627
3.53986
3.63379
3.72801
3.82248
3.91718
4.01205
4.10708
4.20223
4.29748
4.3928
4.48816
4.58354
4.6789
4.77423
4.86949
4.96465
5.0597
5.15458
5.24927
5.34374
5.43796
5.53187
5.62546
5.71866
5.81145
5.90376
5.99556
6.08677
6.17734
6.26719
6.35625
6.44441
6.53158
6.61765
6.70246
6.78588
6.86771
6.94776
7.02579
7.10151
7.17459
7.24464
7.3112
7.3737
7.43149
7.4838
7.52975
7.56834
7.59855
7.61939
7.63004
1.41366
1.42517
1.4476
1.47997
1.5211
1.5698
1.62495
1.68561
1.75094
1.82026
1.89299
1.96867
2.04689
2.12731
2.20968
2.29373
2.37928
2.46615
2.55419
2.64328
2.7333
2.82417
2.91578
3.00807
3.10097
3.19442
3.28836
3.38274
3.47753
3.57266
3.6681
3.76382
3.85977
3.95593
4.05226
4.14873
4.24531
4.34198
4.43872
4.5355
4.63229
4.72907
4.82582
4.92251
5.01911
5.11559
5.21193
5.30809
5.40404
5.49975
5.59518
5.6903
5.78506
5.87943
5.97336
6.06681
6.15971
6.252
6.34362
6.4345
6.52453
6.61364
6.70169
6.78857
6.87412
6.95816
7.04051
7.12093
7.19913
7.27479
7.34751
7.41683
7.48216
7.54282
7.59799
7.64669
7.68784
7.72023
7.74267
7.75418
1.38292
1.39543
1.41972
1.45456
1.49853
1.55026
1.60852
1.67225
1.74059
1.81281
1.88834
1.96669
2.04747
2.13036
2.21509
2.30141
2.38913
2.4781
2.56817
2.65921
2.75113
2.84384
2.93724
3.03127
3.12588
3.22099
3.31656
3.41255
3.50891
3.60559
3.70256
3.79979
3.89723
3.99486
4.09265
4.19057
4.28859
4.3867
4.48487
4.58307
4.68129
4.7795
4.87768
4.9758
5.07384
5.17178
5.26958
5.36722
5.46466
5.56188
5.65883
5.7555
5.85184
5.94781
6.04337
6.13847
6.23308
6.32712
6.42053
6.51324
6.60518
6.69625
6.78633
6.8753
6.96303
7.04934
7.13405
7.21692
7.29768
7.37602
7.45154
7.52375
7.59209
7.65583
7.71409
7.76584
7.80983
7.84469
7.86899
7.88151
1.34921
1.36291
1.38936
1.42701
1.47418
1.52926
1.59088
1.65791
1.72942
1.8047
1.88314
1.96427
2.0477
2.13312
2.22026
2.3089
2.39885
2.48995
2.58208
2.67511
2.76895
2.86351
2.95872
3.05452
3.15084
3.24763
3.34485
3.44245
3.5404
3.63864
3.73716
3.8359
3.93485
4.03396
4.13322
4.2326
4.33207
4.43162
4.53122
4.63086
4.73051
4.83016
4.92977
5.02934
5.12884
5.22824
5.32751
5.42664
5.52558
5.62431
5.72281
5.82103
5.91895
6.01653
6.11374
6.21052
6.30684
6.40265
6.49787
6.59245
6.68631
6.77937
6.87151
6.96262
7.05257
7.1412
7.22832
7.31371
7.39712
7.47824
7.55667
7.63193
7.70345
7.77048
7.83212
7.88721
7.9344
7.97208
7.99854
8.01226
1.31222
1.32735
1.35634
1.39724
1.44799
1.50676
1.57203
1.64258
1.71747
1.79594
1.87741
1.96142
2.04758
2.1356
2.22522
2.31622
2.40843
2.5017
2.59591
2.69095
2.78674
2.88318
2.98023
3.0778
3.17585
3.27434
3.37322
3.47245
3.57199
3.67181
3.77188
3.87215
3.97261
4.07321
4.17395
4.27479
4.37572
4.47672
4.57777
4.67885
4.77994
4.88103
4.98209
5.08311
5.18407
5.28494
5.3857
5.48632
5.58677
5.68703
5.78707
5.88687
5.98638
6.08559
6.18445
6.28293
6.38098
6.47856
6.57562
6.67208
6.76789
6.86296
6.9572
7.05048
7.14269
7.23368
7.32327
7.41126
7.4974
7.58138
7.66284
7.74131
7.81619
7.88675
7.95203
8.01082
8.0616
8.10253
8.13154
8.14669
1.27158
1.28846
1.32048
1.36514
1.41994
1.48278
1.55199
1.62631
1.70475
1.78657
1.87119
1.95817
2.04714
2.13782
2.22997
2.32338
2.41789
2.51336
2.60969
2.70676
2.80451
2.90286
3.00174
3.10111
3.20091
3.30111
3.40165
3.50252
3.60367
3.70508
3.80671
3.90852
4.0105
4.1126
4.21482
4.31714
4.41953
4.52199
4.62449
4.72702
4.82955
4.93209
5.0346
5.13708
5.23951
5.34186
5.44412
5.54624
5.64822
5.75001
5.85161
5.95298
6.05409
6.15493
6.25546
6.35565
6.45545
6.55482
6.65372
6.75209
6.84987
6.94699
7.04334
7.13884
7.23335
7.32674
7.41885
7.50949
7.59844
7.68539
7.77
7.85181
7.93025
8.00457
8.0738
8.13667
8.1915
8.23619
8.26825
8.28515
1.22683
1.24589
1.28158
1.33061
1.38999
1.45731
1.5308
1.60912
1.6913
1.77661
1.8645
1.95454
2.04639
2.1398
2.23453
2.33039
2.42724
2.52494
2.6234
2.72253
2.82227
2.92253
3.02328
3.12445
3.22601
3.32792
3.43015
3.53266
3.63543
3.73843
3.84164
3.945
4.0485
4.15212
4.25583
4.35962
4.46349
4.56741
4.67136
4.77534
4.87933
4.98332
5.0873
5.19124
5.29514
5.39899
5.50274
5.60638
5.70988
5.81322
5.91638
6.01933
6.12207
6.22455
6.32676
6.42866
6.53022
6.6314
6.73216
6.83245
6.93222
7.0314
7.12991
7.22764
7.32448
7.42032
7.515
7.60836
7.70018
7.79019
7.87806
7.96336
8.04554
8.12387
8.19738
8.26473
8.32414
8.37322
8.40895
8.42804
1.17742
1.19928
1.23944
1.2936
1.35815
1.43041
1.5085
1.59107
1.67718
1.76612
1.85738
1.95056
2.04536
2.14155
2.23891
2.33727
2.43648
2.53644
2.63706
2.73827
2.84
2.9422
3.04482
3.14781
3.25115
3.35478
3.4587
3.56286
3.66726
3.77187
3.87665
3.98158
4.08661
4.19174
4.29695
4.40223
4.50757
4.61295
4.71837
4.82381
4.92926
5.03471
5.14015
5.24556
5.35095
5.45628
5.56155
5.66672
5.77175
5.87663
5.98136
6.08591
6.19026
6.2944
6.39829
6.50192
6.60525
6.70825
6.81089
6.91312
7.01489
7.11616
7.21684
7.31684
7.41605
7.51437
7.61167
7.7078
7.80256
7.89571
7.98695
8.07588
8.16199
8.24457
8.32267
8.39496
8.45956
8.51378
8.554
8.57589
1.12264
1.14817
1.19389
1.25409
1.32448
1.40215
1.48517
1.57224
1.66244
1.75514
1.84987
1.94627
2.04409
2.1431
2.24314
2.34402
2.44563
2.54787
2.65067
2.75398
2.85772
2.96187
3.06637
3.1712
3.27631
3.38168
3.48729
3.59312
3.69915
3.80537
3.91175
4.01824
4.12481
4.23146
4.33817
4.44494
4.55176
4.65861
4.7655
4.8724
4.97931
5.08623
5.19313
5.30002
5.40689
5.51373
5.62052
5.72722
5.83379
5.94023
6.04653
6.15268
6.25866
6.36445
6.47004
6.5754
6.68051
6.78535
6.88987
6.99404
7.09784
7.20122
7.3041
7.40639
7.508
7.60883
7.70879
7.80773
7.90549
8.00187
8.09658
8.18927
8.27947
8.36654
8.44958
8.52729
8.59773
8.658
8.7038
8.72938
1.06155
1.0921
1.1448
1.21211
1.28906
1.37263
1.46091
1.55269
1.64715
1.74373
1.84202
1.94171
2.04259
2.14448
2.24724
2.35068
2.45471
2.55924
2.66424
2.76965
2.87543
2.98154
3.08793
3.19459
3.30149
3.40861
3.51592
3.62341
3.73108
3.83892
3.94692
4.05498
4.16309
4.27126
4.37947
4.48774
4.59604
4.70437
4.81273
4.9211
5.02948
5.13785
5.24623
5.35459
5.46295
5.5713
5.67963
5.78786
5.89598
6.00397
6.11185
6.2196
6.32722
6.43468
6.54197
6.64907
6.75597
6.86264
6.96906
7.07519
7.18103
7.28653
7.39164
7.49625
7.60027
7.70365
7.80629
7.90809
8.00891
8.10857
8.20684
8.30341
8.39787
8.48966
8.57796
8.66156
8.73857
8.80597
8.85878
8.8894
0.99288
1.03055
1.09212
1.16777
1.25206
1.34199
1.43583
1.53254
1.6314
1.73196
1.83388
1.93692
2.0409
2.14571
2.25123
2.35726
2.46372
2.57057
2.67778
2.78531
2.89313
3.0012
3.1095
3.218
3.3267
3.43556
3.54458
3.65374
3.76305
3.87252
3.98214
4.09178
4.20144
4.31113
4.42085
4.53061
4.64039
4.75021
4.86003
4.96988
5.07972
5.18957
5.29942
5.40926
5.51911
5.62898
5.73886
5.84863
5.95829
6.06785
6.17731
6.28667
6.39592
6.50505
6.61404
6.7229
6.83159
6.94011
7.04842
7.15652
7.2644
7.37204
7.47941
7.58635
7.69281
7.79875
7.90411
8.00881
8.11273
8.21574
8.31764
8.41819
8.51706
8.61377
8.70763
8.79759
8.88194
8.9577
9.01943
9.05719
0.914843
0.96308
1.03597
1.12133
1.21369
1.31042
1.41009
1.51189
1.61528
1.7199
1.82551
1.93194
2.03906
2.1468
2.25516
2.36378
2.47269
2.58186
2.69129
2.80095
2.91081
3.02086
3.13107
3.24143
3.35192
3.46253
3.57325
3.68409
3.79504
3.90613
4.01743
4.12865
4.23984
4.35105
4.46228
4.57354
4.68481
4.7961
4.90741
5.01872
5.13004
5.24136
5.35268
5.464
5.57533
5.68671
5.79819
5.90951
6.0207
6.13182
6.24286
6.35383
6.46472
6.57552
6.68624
6.79684
6.90733
7.0177
7.12792
7.23799
7.34791
7.4577
7.56738
7.67666
7.78557
7.89409
8.00219
8.10981
8.21687
8.32327
8.42886
8.53348
8.63687
8.73867
8.83836
8.93512
9.02754
9.11302
9.18616
9.2345
0.824782
0.88948
0.976728
1.07316
1.17426
1.27814
1.38386
1.49088
1.59888
1.70763
1.81697
1.92682
2.03709
2.14779
2.25905
2.37027
2.48162
2.59313
2.70478
2.81657
2.92849
3.04052
3.15264
3.26485
3.37715
3.48951
3.60195
3.71445
3.82703
3.93974
4.05277
4.16556
4.27829
4.39102
4.50375
4.61651
4.72927
4.84204
4.95483
5.06761
5.1804
5.2932
5.40599
5.51878
5.63159
5.74448
5.85762
5.97046
6.08319
6.19586
6.30849
6.42107
6.5336
6.64608
6.75851
6.87087
6.98316
7.09538
7.20751
7.31956
7.43152
7.54345
7.65551
7.76713
7.87848
7.98958
8.10044
8.211
8.32123
8.43105
8.54039
8.64914
8.75713
8.86416
8.96989
9.07378
9.17493
9.2715
9.35915
9.42397
0.718566
0.810262
0.915215
1.02386
1.13417
1.24543
1.35732
1.46965
1.58231
1.69522
1.80834
1.92162
2.03504
2.14865
2.26297
2.37676
2.49054
2.60438
2.71826
2.83219
2.94616
3.06017
3.17421
3.28828
3.40238
3.5165
3.63065
3.74482
3.85901
3.9733
4.0882
4.20251
4.31676
4.431
4.54525
4.6595
4.77375
4.88801
5.00227
5.11653
5.2308
5.34506
5.45933
5.57359
5.68787
5.80221
5.91715
6.03148
6.14572
6.25995
6.37416
6.48835
6.60253
6.71669
6.83083
6.94495
7.05905
7.17312
7.28717
7.40118
7.51517
7.62919
7.74378
7.85769
7.97148
8.08518
8.1988
8.31232
8.42573
8.539
8.65211
8.76502
8.87768
8.99001
9.10191
9.21318
9.32351
9.43224
9.53789
9.62967
)
;

boundaryField
{
    scalarinlet
    {
        type            fixedValue;
        value           nonuniform List<scalar> 
80
(
0.654
0.769
0.884
0.999
1.114
1.229
1.344
1.459
1.574
1.689
1.804
1.919
2.034
2.149
2.265
2.38
2.495
2.61
2.725
2.84
2.955
3.07
3.185
3.3
3.415
3.53
3.645
3.76
3.875
3.99
4.106
4.221
4.336
4.451
4.566
4.681
4.796
4.911
5.026
5.141
5.256
5.371
5.486
5.601
5.716
5.831
5.947
6.062
6.177
6.292
6.407
6.522
6.637
6.752
6.867
6.982
7.097
7.212
7.327
7.442
7.557
7.672
7.788
7.903
8.018
8.133
8.248
8.363
8.478
8.593
8.708
8.823
8.938
9.053
9.168
9.283
9.398
9.513
9.629
9.744
)
;
    }
    walls
    {
        type            zeroGradient;
    }
    frontAndBack
    {
        type            empty;
    }
}


// ************************************************************************* //
