/*--------------------------------*- C++ -*----------------------------------*\
  =========                 |
  \\      /  F ield         | OpenFOAM: The Open Source CFD Toolbox
   \\    /   O peration     | Website:  https://openfoam.org
    \\  /    A nd           | Version:  10
     \\/     M anipulation  |
\*---------------------------------------------------------------------------*/
FoamFile
{
    format      ascii;
    class       volScalarField;
    location    "0.1";
    object      gradTx;
}
// * * * * * * * * * * * * * * * * * * * * * * * * * * * * * * * * * * * * * //

dimensions      [0 -1 0 1 0 0 0];

internalField   nonuniform List<scalar> 
6400
(
-0.0217521
-0.0654806
-0.109521
-0.154001
-0.199183
-0.24516
-0.292119
-0.340153
-0.389367
-0.439799
-0.491473
-0.544398
-0.598506
-0.653761
-0.709948
-0.767002
-0.824784
-0.882936
-0.941327
-0.999697
-1.05766
-1.115
-1.17146
-1.2266
-1.28004
-1.3315
-1.38074
-1.42742
-1.47114
-1.51155
-1.54836
-1.58138
-1.6104
-1.6352
-1.65557
-1.67132
-1.6823
-1.68841
-1.68961
-1.68587
-1.67725
-1.66379
-1.6456
-1.62282
-1.5956
-1.56413
-1.52862
-1.48932
-1.4465
-1.40044
-1.35149
-1.29999
-1.24631
-1.19084
-1.13394
-1.07597
-1.01729
-0.958274
-0.899283
-0.840677
-0.782779
-0.725879
-0.670242
-0.616116
-0.563727
-0.513258
-0.464845
-0.418573
-0.374498
-0.332664
-0.293058
-0.255572
-0.220108
-0.186571
-0.154751
-0.124449
-0.0954142
-0.0674094
-0.0401328
-0.0133062
-0.0217808
-0.0654585
-0.109432
-0.153901
-0.199042
-0.244992
-0.291946
-0.339975
-0.389181
-0.439619
-0.491315
-0.544273
-0.598398
-0.653703
-0.709953
-0.767033
-0.824889
-0.883154
-0.941594
-1.00001
-1.05808
-1.11555
-1.17209
-1.2273
-1.28081
-1.33238
-1.38173
-1.4285
-1.47229
-1.51276
-1.54965
-1.58274
-1.61182
-1.63668
-1.65709
-1.67287
-1.68388
-1.69
-1.6912
-1.68746
-1.67882
-1.66534
-1.64712
-1.62429
-1.59702
-1.5655
-1.52993
-1.49055
-1.44765
-1.4015
-1.35245
-1.30085
-1.24708
-1.19151
-1.13451
-1.07644
-1.01766
-0.958539
-0.899454
-0.840759
-0.782778
-0.725797
-0.670083
-0.615893
-0.563451
-0.512937
-0.464484
-0.418185
-0.374095
-0.33225
-0.292646
-0.25518
-0.219737
-0.18623
-0.154442
-0.124181
-0.0952036
-0.0672616
-0.0400466
-0.0132762
-0.0217403
-0.065341
-0.109266
-0.153677
-0.198752
-0.244663
-0.291594
-0.339617
-0.388819
-0.439253
-0.490978
-0.54403
-0.598217
-0.653544
-0.709918
-0.767163
-0.825129
-0.883506
-0.942103
-1.0007
-1.05896
-1.1166
-1.17331
-1.22869
-1.2824
-1.33417
-1.3837
-1.43064
-1.47459
-1.51521
-1.55225
-1.58547
-1.61467
-1.63963
-1.66013
-1.67598
-1.68703
-1.69318
-1.69439
-1.69065
-1.68198
-1.66845
-1.65016
-1.62725
-1.59988
-1.56823
-1.53253
-1.49301
-1.44994
-1.40362
-1.35438
-1.30259
-1.24863
-1.19286
-1.13565
-1.07737
-1.01839
-0.95907
-0.899796
-0.840923
-0.78277
-0.725627
-0.669766
-0.615447
-0.562898
-0.51229
-0.463757
-0.417404
-0.373288
-0.331427
-0.291819
-0.254383
-0.218992
-0.185549
-0.153833
-0.12366
-0.0947838
-0.0669531
-0.0398637
-0.0132164
-0.0216786
-0.065196
-0.109037
-0.153311
-0.198299
-0.244196
-0.291089
-0.339038
-0.388233
-0.438746
-0.490513
-0.543601
-0.597902
-0.653357
-0.709885
-0.767322
-0.825467
-0.884039
-0.942878
-1.00174
-1.06027
-1.11817
-1.17514
-1.2308
-1.28479
-1.33684
-1.38665
-1.43384
-1.47803
-1.51889
-1.55614
-1.58957
-1.61895
-1.64407
-1.66469
-1.68064
-1.69176
-1.69796
-1.69919
-1.69543
-1.68672
-1.67312
-1.65473
-1.63169
-1.60417
-1.57235
-1.53644
-1.49669
-1.45337
-1.40679
-1.35728
-1.3052
-1.25094
-1.19487
-1.13736
-1.07877
-1.01948
-0.959867
-0.900309
-0.841164
-0.782753
-0.725367
-0.669286
-0.614775
-0.562062
-0.511312
-0.462661
-0.416225
-0.372069
-0.330188
-0.290578
-0.253181
-0.217863
-0.184513
-0.152915
-0.122883
-0.094158
-0.0664908
-0.0395844
-0.0131247
-0.0216061
-0.0649666
-0.108668
-0.15285
-0.197741
-0.243529
-0.290364
-0.338289
-0.387467
-0.438036
-0.489876
-0.543022
-0.597466
-0.653115
-0.70984
-0.767504
-0.8259
-0.884755
-0.943916
-1.00312
-1.06199
-1.12024
-1.17757
-1.23361
-1.28799
-1.34041
-1.39058
-1.43811
-1.48263
-1.5238
-1.56135
-1.59505
-1.62467
-1.64999
-1.67078
-1.68686
-1.69808
-1.70434
-1.70559
-1.70182
-1.69305
-1.67935
-1.66084
-1.63763
-1.6099
-1.57783
-1.54166
-1.50161
-1.45796
-1.41103
-1.36115
-1.30869
-1.25403
-1.19756
-1.13964
-1.08064
-1.02094
-0.960927
-0.900987
-0.841477
-0.78272
-0.725012
-0.668638
-0.61387
-0.560934
-0.509996
-0.46119
-0.414643
-0.370426
-0.328522
-0.288917
-0.251572
-0.216345
-0.183117
-0.151679
-0.121831
-0.0933139
-0.0658754
-0.039212
-0.0130011
-0.021534
-0.0647032
-0.108201
-0.152255
-0.19704
-0.242687
-0.289426
-0.337348
-0.386523
-0.437113
-0.489043
-0.542298
-0.596912
-0.652794
-0.709766
-0.767708
-0.826428
-0.885648
-0.94521
-1.00483
-1.06414
-1.12283
-1.18062
-1.23713
-1.29198
-1.34488
-1.39549
-1.44345
-1.48839
-1.52995
-1.56787
-1.6019
-1.63182
-1.6574
-1.67841
-1.69466
-1.706
-1.71234
-1.71362
-1.70982
-1.70098
-1.68717
-1.66848
-1.64506
-1.61707
-1.58471
-1.54819
-1.50777
-1.46371
-1.41634
-1.36599
-1.31305
-1.25789
-1.20091
-1.14248
-1.08296
-1.02275
-0.962245
-0.901826
-0.841858
-0.782667
-0.724554
-0.667815
-0.612721
-0.559504
-0.508331
-0.459335
-0.412648
-0.368348
-0.326415
-0.286826
-0.249548
-0.214434
-0.18136
-0.150122
-0.120509
-0.0922533
-0.0650983
-0.0387404
-0.0128449
-0.0214314
-0.0643844
-0.107666
-0.151522
-0.196157
-0.241671
-0.288292
-0.336189
-0.385371
-0.435978
-0.488007
-0.541416
-0.596233
-0.652378
-0.709649
-0.76793
-0.827045
-0.886708
-0.946748
-1.00687
-1.0667
-1.12593
-1.18427
-1.24135
-1.29678
-1.35023
-1.40139
-1.44988
-1.49531
-1.53735
-1.57571
-1.61015
-1.64043
-1.66631
-1.68758
-1.70404
-1.71553
-1.72196
-1.72327
-1.71945
-1.71052
-1.69657
-1.67768
-1.654
-1.62571
-1.59298
-1.55605
-1.51517
-1.47062
-1.42272
-1.37181
-1.31829
-1.26254
-1.20494
-1.14589
-1.08575
-1.02493
-0.963817
-0.90282
-0.842299
-0.782583
-0.723985
-0.666805
-0.611319
-0.55776
-0.506304
-0.457084
-0.410228
-0.365824
-0.323854
-0.284288
-0.247093
-0.212117
-0.179232
-0.148235
-0.118904
-0.0909673
-0.0641553
-0.0381669
-0.0126549
-0.0212902
-0.0639877
-0.107046
-0.150659
-0.195082
-0.240463
-0.286964
-0.334799
-0.383988
-0.434624
-0.486763
-0.540359
-0.595412
-0.651855
-0.709475
-0.768162
-0.827743
-0.887925
-0.948521
-1.00923
-1.06967
-1.12953
-1.18854
-1.24628
-1.30237
-1.35648
-1.40828
-1.45738
-1.50341
-1.54601
-1.58489
-1.6198
-1.6505
-1.67674
-1.69832
-1.71501
-1.72668
-1.73322
-1.73457
-1.73072
-1.72169
-1.70757
-1.68845
-1.66447
-1.63581
-1.60266
-1.56525
-1.52384
-1.47871
-1.43018
-1.37862
-1.32441
-1.26796
-1.20964
-1.14986
-1.08899
-1.02745
-0.965638
-0.903963
-0.842791
-0.78246
-0.723292
-0.665596
-0.60965
-0.555688
-0.503898
-0.454419
-0.40737
-0.36284
-0.320824
-0.281287
-0.24419
-0.209377
-0.176718
-0.146005
-0.117006
-0.0894469
-0.0630434
-0.0374899
-0.0124301
-0.0211274
-0.0635184
-0.106314
-0.149658
-0.193826
-0.239046
-0.285423
-0.333168
-0.382352
-0.433037
-0.485299
-0.539106
-0.59443
-0.651209
-0.709233
-0.768391
-0.828509
-0.889285
-0.950519
-1.0119
-1.07304
-1.13364
-1.1934
-1.25191
-1.30877
-1.36363
-1.41616
-1.46598
-1.51268
-1.55592
-1.5954
-1.63085
-1.66204
-1.6887
-1.71063
-1.7276
-1.73947
-1.74613
-1.74753
-1.74364
-1.7345
-1.72019
-1.70079
-1.67647
-1.64739
-1.61375
-1.57579
-1.53377
-1.48797
-1.43873
-1.38642
-1.33143
-1.27416
-1.21502
-1.1544
-1.0927
-1.03032
-0.967701
-0.905245
-0.843325
-0.782285
-0.722462
-0.664173
-0.607698
-0.553272
-0.501096
-0.451319
-0.404051
-0.359379
-0.317311
-0.277807
-0.240823
-0.206201
-0.173804
-0.14342
-0.114807
-0.0876849
-0.0617565
-0.0367062
-0.0121688
-0.0209559
-0.0629878
-0.105451
-0.148503
-0.192391
-0.237407
-0.283643
-0.331284
-0.380451
-0.431199
-0.483601
-0.537639
-0.593267
-0.650424
-0.708908
-0.768602
-0.829329
-0.890775
-0.952729
-1.01488
-1.07682
-1.13825
-1.19887
-1.25825
-1.31597
-1.37169
-1.42505
-1.47567
-1.52315
-1.56712
-1.60727
-1.64334
-1.67507
-1.70221
-1.72453
-1.74182
-1.75392
-1.76072
-1.76217
-1.75824
-1.74898
-1.73444
-1.71474
-1.69003
-1.66047
-1.62628
-1.5877
-1.54498
-1.49843
-1.44838
-1.39521
-1.33933
-1.28115
-1.22107
-1.1595
-1.09685
-1.03354
-0.97
-0.906657
-0.843888
-0.782046
-0.721479
-0.662519
-0.605445
-0.550493
-0.497878
-0.447764
-0.40025
-0.355418
-0.313294
-0.273828
-0.236974
-0.202572
-0.170474
-0.140467
-0.112296
-0.0856721
-0.0602862
-0.0358107
-0.0118694
-0.0207707
-0.0623942
-0.104455
-0.14718
-0.190767
-0.235533
-0.281602
-0.329128
-0.378268
-0.429088
-0.481647
-0.535934
-0.591899
-0.649481
-0.708481
-0.768778
-0.830185
-0.89238
-0.95514
-1.01814
-1.08098
-1.14336
-1.20493
-1.26528
-1.32398
-1.38065
-1.43494
-1.48647
-1.53481
-1.57959
-1.6205
-1.65726
-1.68961
-1.71728
-1.74004
-1.75768
-1.77004
-1.777
-1.77851
-1.77454
-1.76513
-1.75035
-1.73031
-1.70516
-1.67507
-1.64027
-1.60098
-1.55749
-1.51009
-1.45914
-1.40501
-1.34814
-1.28893
-1.2278
-1.16517
-1.10145
-1.03709
-0.972524
-0.908189
-0.844468
-0.781727
-0.720328
-0.660614
-0.602869
-0.54733
-0.494222
-0.443728
-0.395939
-0.350933
-0.308747
-0.269327
-0.23262
-0.198468
-0.16671
-0.137129
-0.109458
-0.0833966
-0.0586233
-0.0347979
-0.0115305
-0.0205565
-0.0617247
-0.103329
-0.145676
-0.188934
-0.233409
-0.279277
-0.326679
-0.375786
-0.42668
-0.47941
-0.533969
-0.590305
-0.648359
-0.707932
-0.768898
-0.831058
-0.894083
-0.957736
-1.02169
-1.08553
-1.14895
-1.21159
-1.27302
-1.33278
-1.39052
-1.44585
-1.49838
-1.54768
-1.59337
-1.63512
-1.67264
-1.70567
-1.73393
-1.75719
-1.77522
-1.78786
-1.795
-1.79657
-1.79256
-1.78299
-1.76794
-1.74752
-1.72188
-1.69121
-1.65572
-1.61566
-1.5713
-1.52297
-1.47101
-1.41583
-1.35785
-1.2975
-1.23521
-1.1714
-1.1065
-1.04097
-0.975265
-0.909827
-0.845051
-0.781312
-0.718988
-0.658436
-0.599946
-0.543757
-0.490104
-0.439185
-0.39109
-0.345894
-0.303642
-0.264275
-0.227736
-0.193865
-0.162488
-0.133386
-0.106274
-0.080845
-0.0567587
-0.0336623
-0.0111504
-0.020302
-0.0609656
-0.102074
-0.143982
-0.186869
-0.231018
-0.27665
-0.323914
-0.372982
-0.42395
-0.476863
-0.531715
-0.588459
-0.647033
-0.707238
-0.768939
-0.831929
-0.895865
-0.960504
-1.02551
-1.09046
-1.15502
-1.21883
-1.28144
-1.3424
-1.4013
-1.45778
-1.51142
-1.56178
-1.60846
-1.65114
-1.6895
-1.72328
-1.75219
-1.77599
-1.79445
-1.80741
-1.81475
-1.81639
-1.81233
-1.80258
-1.78724
-1.7664
-1.74022
-1.7089
-1.67266
-1.63175
-1.58645
-1.53708
-1.48402
-1.42767
-1.36848
-1.30687
-1.2433
-1.17819
-1.11199
-1.04517
-0.978213
-0.911559
-0.845619
-0.780782
-0.717438
-0.655961
-0.59665
-0.539747
-0.485496
-0.434107
-0.385675
-0.340271
-0.297948
-0.258641
-0.222293
-0.188735
-0.157785
-0.129216
-0.102728
-0.0780033
-0.0546825
-0.032398
-0.0107272
-0.0200056
-0.0601086
-0.10068
-0.142087
-0.18455
-0.228338
-0.2737
-0.320808
-0.369827
-0.420868
-0.473975
-0.529144
-0.586333
-0.645475
-0.706372
-0.768877
-0.832772
-0.897707
-0.963426
-1.02958
-1.09574
-1.16156
-1.22666
-1.29057
-1.35282
-1.41301
-1.47074
-1.52559
-1.57711
-1.62489
-1.66857
-1.70786
-1.74246
-1.77208
-1.79647
-1.81541
-1.82872
-1.83627
-1.83799
-1.83387
-1.82394
-1.80827
-1.78697
-1.76021
-1.72819
-1.69112
-1.64927
-1.60294
-1.55244
-1.49817
-1.44055
-1.38003
-1.31705
-1.25207
-1.18554
-1.11792
-1.04969
-0.981357
-0.91337
-0.846155
-0.780115
-0.715656
-0.653163
-0.59295
-0.535267
-0.480363
-0.42846
-0.379659
-0.334031
-0.291631
-0.252395
-0.216259
-0.183051
-0.152575
-0.124597
-0.0988012
-0.0748559
-0.0523837
-0.0309982
-0.0102585
-0.0196721
-0.0591497
-0.0991331
-0.139975
-0.181954
-0.225344
-0.270403
-0.317331
-0.366291
-0.417402
-0.470714
-0.526225
-0.583895
-0.643657
-0.705305
-0.768684
-0.833564
-0.899587
-0.966483
-1.03389
-1.10138
-1.16856
-1.23506
-1.30039
-1.36406
-1.42564
-1.48474
-1.54091
-1.59369
-1.64266
-1.68745
-1.72774
-1.76323
-1.79363
-1.81867
-1.83812
-1.85181
-1.85959
-1.8614
-1.85723
-1.84709
-1.83106
-1.80927
-1.78188
-1.74908
-1.71112
-1.66826
-1.62079
-1.56908
-1.51349
-1.45448
-1.39251
-1.32804
-1.26153
-1.19345
-1.12428
-1.05452
-0.984683
-0.915244
-0.846639
-0.77929
-0.713615
-0.650013
-0.588815
-0.530284
-0.474671
-0.422207
-0.373006
-0.327137
-0.284657
-0.245501
-0.209602
-0.176779
-0.146828
-0.119503
-0.0944709
-0.0713857
-0.0498494
-0.0294549
-0.00974138
-0.0193064
-0.0580847
-0.097412
-0.137629
-0.179063
-0.222011
-0.266733
-0.313453
-0.36234
-0.413517
-0.467044
-0.522922
-0.581112
-0.641543
-0.704004
-0.76833
-0.834278
-0.901481
-0.969656
-1.03843
-1.10735
-1.17602
-1.24404
-1.3109
-1.3761
-1.43921
-1.49979
-1.55739
-1.61154
-1.6618
-1.70779
-1.74917
-1.78563
-1.81687
-1.84261
-1.86263
-1.87672
-1.88476
-1.88667
-1.88243
-1.87206
-1.85566
-1.83333
-1.80525
-1.77162
-1.73269
-1.68873
-1.64004
-1.587
-1.52999
-1.46947
-1.40593
-1.33984
-1.27167
-1.20191
-1.13106
-1.05964
-0.98818
-0.917163
-0.847049
-0.778279
-0.711288
-0.646482
-0.584213
-0.52476
-0.468379
-0.415308
-0.365675
-0.319548
-0.276983
-0.23792
-0.202283
-0.169886
-0.140513
-0.113906
-0.0897136
-0.0675731
-0.0470651
-0.0277592
-0.00917292
-0.0189091
-0.0569069
-0.0954981
-0.135028
-0.175855
-0.218312
-0.262658
-0.309139
-0.357934
-0.409174
-0.462927
-0.519197
-0.577946
-0.639098
-0.702435
-0.767782
-0.834884
-0.903363
-0.972922
-1.04317
-1.11364
-1.18392
-1.25358
-1.32211
-1.38897
-1.45371
-1.5159
-1.57505
-1.63068
-1.68233
-1.72961
-1.77217
-1.80968
-1.84183
-1.86833
-1.88895
-1.90348
-1.9118
-1.91381
-1.90951
-1.8989
-1.88209
-1.85918
-1.83036
-1.79583
-1.75586
-1.71071
-1.66071
-1.60623
-1.54769
-1.48555
-1.42031
-1.35246
-1.28251
-1.21094
-1.13827
-1.06505
-0.991831
-0.91911
-0.847363
-0.777057
-0.708643
-0.642536
-0.579105
-0.518655
-0.461446
-0.407718
-0.35762
-0.311217
-0.268565
-0.229608
-0.194261
-0.162333
-0.133594
-0.107774
-0.0845023
-0.0633966
-0.044015
-0.0259016
-0.00854989
-0.0184761
-0.0556064
-0.0933745
-0.13215
-0.172306
-0.214216
-0.258143
-0.30435
-0.353034
-0.404332
-0.458321
-0.515008
-0.574356
-0.636281
-0.70056
-0.767005
-0.835351
-0.905205
-0.976257
-1.0481
-1.12024
-1.19225
-1.26369
-1.334
-1.40265
-1.46916
-1.53308
-1.5939
-1.65113
-1.70428
-1.75295
-1.79677
-1.83541
-1.86854
-1.89587
-1.91714
-1.93215
-1.94076
-1.94289
-1.93851
-1.92765
-1.91039
-1.88687
-1.85725
-1.82176
-1.78065
-1.73423
-1.68282
-1.6268
-1.5666
-1.50271
-1.43565
-1.36592
-1.29404
-1.22051
-1.14589
-1.07074
-0.995623
-0.921064
-0.847556
-0.775594
-0.705645
-0.638136
-0.573454
-0.511928
-0.453825
-0.399391
-0.348793
-0.302095
-0.259353
-0.220517
-0.18549
-0.154076
-0.126032
-0.101072
-0.0788078
-0.0588328
-0.0406823
-0.0238717
-0.00786889
-0.0180005
-0.0541719
-0.0910264
-0.128974
-0.168391
-0.209689
-0.253149
-0.299046
-0.347596
-0.398946
-0.45318
-0.510311
-0.570296
-0.633049
-0.698337
-0.765961
-0.835643
-0.906978
-0.979636
-1.05319
-1.12713
-1.201
-1.27434
-1.34658
-1.41715
-1.48557
-1.55134
-1.61396
-1.6729
-1.72767
-1.77783
-1.82302
-1.86287
-1.89705
-1.92526
-1.94723
-1.96275
-1.97168
-1.97394
-1.96948
-1.95835
-1.94062
-1.91643
-1.88595
-1.84943
-1.80712
-1.75933
-1.7064
-1.64872
-1.58675
-1.52099
-1.45197
-1.38022
-1.30627
-1.23064
-1.15392
-1.07669
-0.999539
-0.923003
-0.847602
-0.773858
-0.70226
-0.633243
-0.567215
-0.504532
-0.445467
-0.390274
-0.33914
-0.29213
-0.249296
-0.210596
-0.175921
-0.14507
-0.117786
-0.0937649
-0.0725986
-0.0538568
-0.0370487
-0.0216588
-0.00712628
-0.0174754
-0.0525918
-0.088439
-0.125475
-0.164077
-0.204696
-0.247634
-0.29318
-0.341573
-0.392967
-0.447456
-0.505054
-0.565718
-0.629354
-0.695722
-0.76461
-0.835725
-0.908649
-0.98303
-1.05842
-1.13429
-1.21016
-1.28554
-1.35984
-1.43248
-1.50293
-1.5707
-1.63525
-1.69603
-1.75252
-1.80429
-1.85093
-1.89208
-1.92739
-1.95654
-1.97926
-1.99534
-2.00462
-2.007
-2.00247
-1.99104
-1.97281
-1.94791
-1.91652
-1.87889
-1.83529
-1.78604
-1.73148
-1.67204
-1.60817
-1.5404
-1.46928
-1.39537
-1.3192
-1.24133
-1.16235
-1.08289
-1.00356
-0.924906
-0.847473
-0.771815
-0.698447
-0.627814
-0.560341
-0.496416
-0.43632
-0.380314
-0.328607
-0.281263
-0.238336
-0.199789
-0.165501
-0.135266
-0.108809
-0.0858111
-0.0658407
-0.0484414
-0.0330943
-0.0192508
-0.00631806
-0.0168948
-0.0508546
-0.0855955
-0.121625
-0.159331
-0.199196
-0.241552
-0.286706
-0.334913
-0.386343
-0.441094
-0.499185
-0.560569
-0.625146
-0.692667
-0.762906
-0.835557
-0.910182
-0.986409
-1.06377
-1.1417
-1.21972
-1.29728
-1.37379
-1.44864
-1.52128
-1.59118
-1.65779
-1.72053
-1.77887
-1.83235
-1.88055
-1.92309
-1.95961
-1.98977
-2.0133
-2.02996
-2.03961
-2.04214
-2.03752
-2.02579
-2.00702
-1.98135
-1.94899
-1.91018
-1.86521
-1.81439
-1.7581
-1.69677
-1.63088
-1.56097
-1.48761
-1.41137
-1.33283
-1.25256
-1.17118
-1.08933
-1.00767
-0.926747
-0.847139
-0.769431
-0.694166
-0.621802
-0.552783
-0.487526
-0.426326
-0.36945
-0.317132
-0.269434
-0.226413
-0.188037
-0.154173
-0.124609
-0.0990526
-0.0771675
-0.0584973
-0.0425569
-0.0287976
-0.0166345
-0.0054398
-0.016254
-0.0489478
-0.0824759
-0.117394
-0.154114
-0.193145
-0.234856
-0.279569
-0.327561
-0.379015
-0.434036
-0.492645
-0.554792
-0.62037
-0.689121
-0.760804
-0.835095
-0.911539
-0.989741
-1.0692
-1.14935
-1.22965
-1.30955
-1.38843
-1.46563
-1.5406
-1.61278
-1.68159
-1.74643
-1.80675
-1.86206
-1.91193
-1.95595
-1.99375
-2.02499
-2.04938
-2.06667
-2.07671
-2.0794
-2.0747
-2.06263
-2.04329
-2.01682
-1.98342
-1.94336
-1.89691
-1.84443
-1.7863
-1.72296
-1.6549
-1.5827
-1.50695
-1.42825
-1.34718
-1.26435
-1.18039
-1.096
-1.01184
-0.928499
-0.846568
-0.766667
-0.689373
-0.615157
-0.544484
-0.477805
-0.415424
-0.35762
-0.304649
-0.256576
-0.213461
-0.175275
-0.141874
-0.113041
-0.0884639
-0.067787
-0.050528
-0.0361712
-0.0241349
-0.0137955
-0.00448664
-0.0155489
-0.0468575
-0.0790569
-0.112751
-0.148386
-0.186497
-0.227492
-0.271713
-0.319459
-0.370923
-0.426219
-0.485371
-0.548326
-0.614968
-0.685028
-0.758252
-0.834295
-0.912682
-0.992991
-1.0747
-1.1572
-1.23995
-1.32235
-1.40374
-1.48346
-1.56092
-1.63554
-1.70669
-1.77376
-1.83618
-1.89344
-1.94509
-1.99069
-2.02987
-2.06226
-2.08756
-2.10553
-2.11599
-2.11884
-2.11405
-2.10163
-2.08168
-2.05436
-2.01986
-1.97846
-1.93046
-1.87621
-1.81611
-1.75062
-1.68027
-1.60564
-1.52734
-1.44601
-1.36225
-1.27668
-1.18999
-1.10288
-1.01606
-0.930136
-0.845725
-0.763484
-0.684021
-0.607826
-0.535388
-0.467188
-0.403547
-0.344753
-0.291088
-0.242617
-0.199407
-0.161433
-0.128538
-0.100499
-0.0769849
-0.0576182
-0.0418893
-0.0292492
-0.0190803
-0.0107179
-0.00345329
-0.0147749
-0.0445675
-0.0753117
-0.107658
-0.142101
-0.1792
-0.219404
-0.263077
-0.310539
-0.361998
-0.417575
-0.477296
-0.541104
-0.608876
-0.68033
-0.755196
-0.833107
-0.913566
-0.996123
-1.08023
-1.16525
-1.25059
-1.33565
-1.41973
-1.50214
-1.58225
-1.65945
-1.7331
-1.80256
-1.86722
-1.92655
-1.98009
-2.02737
-2.06801
-2.10162
-2.1279
-2.14658
-2.1575
-2.16053
-2.15564
-2.14285
-2.12226
-2.09403
-2.05836
-2.01554
-1.96588
-1.90976
-1.84757
-1.77981
-1.70702
-1.6298
-1.5488
-1.46467
-1.37804
-1.28957
-1.19995
-1.10996
-1.0203
-0.931627
-0.844575
-0.759838
-0.67806
-0.599754
-0.525433
-0.45561
-0.390623
-0.330776
-0.276372
-0.22748
-0.184176
-0.146435
-0.114092
-0.0869147
-0.0645529
-0.0466057
-0.0325337
-0.0217526
-0.013606
-0.00738467
-0.00233401
-0.0139267
-0.0420599
-0.0712108
-0.102079
-0.135213
-0.1712
-0.210531
-0.253595
-0.300733
-0.352169
-0.40803
-0.468346
-0.533056
-0.602026
-0.674964
-0.751577
-0.831478
-0.914145
-0.999097
-1.08576
-1.17345
-1.26157
-1.34946
-1.4364
-1.52167
-1.6046
-1.68455
-1.76086
-1.83285
-1.89989
-1.96143
-2.01697
-2.06605
-2.10823
-2.14315
-2.17046
-2.18991
-2.2013
-2.20452
-2.19953
-2.18635
-2.16509
-2.13589
-2.09899
-2.05466
-2.00325
-1.94513
-1.88073
-1.81056
-1.73517
-1.65521
-1.57133
-1.48423
-1.39456
-1.303
-1.21029
-1.11722
-1.02454
-0.93294
-0.843077
-0.755683
-0.671438
-0.590882
-0.514553
-0.443
-0.376577
-0.315608
-0.260418
-0.211083
-0.167684
-0.1302
-0.0984574
-0.0722147
-0.0511004
-0.0346891
-0.0224099
-0.0136403
-0.00768175
-0.00377739
-0.00112265
-0.012998
-0.0393147
-0.0667228
-0.0959713
-0.12767
-0.162439
-0.200807
-0.243195
-0.289964
-0.341355
-0.397505
-0.458443
-0.524105
-0.594347
-0.668861
-0.747334
-0.829353
-0.91437
-1.00187
-1.09125
-1.1818
-1.27286
-1.36377
-1.45375
-1.54205
-1.62798
-1.71086
-1.78999
-1.86466
-1.93423
-1.99812
-2.05579
-2.10676
-2.1506
-2.1869
-2.21531
-2.23557
-2.24747
-2.2509
-2.2458
-2.23221
-2.21023
-2.18001
-2.1418
-2.09588
-2.04261
-1.98238
-1.91564
-1.84291
-1.76477
-1.6819
-1.59498
-1.50472
-1.41182
-1.31698
-1.22098
-1.12464
-1.02876
-0.934042
-0.841192
-0.750971
-0.664099
-0.581147
-0.502679
-0.429281
-0.36133
-0.299166
-0.24314
-0.193335
-0.149842
-0.112641
-0.0815507
-0.0563194
-0.0365543
-0.0218036
-0.0114625
-0.00486777
-0.00127499
0.000123796
0.000187438
-0.0119821
-0.0363111
-0.0618143
-0.0892915
-0.119419
-0.15285
-0.19016
-0.231798
-0.27815
-0.329474
-0.385914
-0.447503
-0.514171
-0.585761
-0.661949
-0.7424
-0.826672
-0.914189
-1.0044
-1.09667
-1.19025
-1.28445
-1.37856
-1.47177
-1.5633
-1.65241
-1.7384
-1.82052
-1.89805
-1.9703
-2.03667
-2.0966
-2.14959
-2.19517
-2.23293
-2.26251
-2.28363
-2.29608
-2.29972
-2.29452
-2.2805
-2.25775
-2.22646
-2.18686
-2.13927
-2.08403
-2.02156
-1.95234
-1.8769
-1.79586
-1.7099
-1.61975
-1.52615
-1.42983
-1.33151
-1.23202
-1.13221
-1.03292
-0.9349
-0.838874
-0.745649
-0.655984
-0.57048
-0.489737
-0.414374
-0.344793
-0.281359
-0.224444
-0.174142
-0.130554
-0.0936635
-0.0632807
-0.0391431
-0.020836
-0.00787914
0.000368259
0.00461312
0.00564946
0.00434032
0.00160343
-0.0108716
-0.0330271
-0.0564495
-0.0819917
-0.110399
-0.142366
-0.178512
-0.21932
-0.265202
-0.316433
-0.373166
-0.435436
-0.503166
-0.576185
-0.654151
-0.736704
-0.823372
-0.913547
-1.00664
-1.10198
-1.19878
-1.29631
-1.39382
-1.49046
-1.58542
-1.67791
-1.76719
-1.85248
-1.93304
-2.00813
-2.07713
-2.13945
-2.19458
-2.24202
-2.28133
-2.31215
-2.33418
-2.3472
-2.35108
-2.34576
-2.33128
-2.30774
-2.27531
-2.23425
-2.18488
-2.12756
-2.06273
-1.99089
-1.91259
-1.82847
-1.73924
-1.64568
-1.54854
-1.44859
-1.34659
-1.2434
-1.13991
-1.03701
-0.935476
-0.83608
-0.739663
-0.647028
-0.558812
-0.475648
-0.398193
-0.326878
-0.26209
-0.20423
-0.153402
-0.109719
-0.0731672
-0.0435503
-0.0205939
-0.00386066
0.00715973
0.0131469
0.0148543
0.0131297
0.00889541
0.00313312
-0.00965897
-0.0294394
-0.0505903
-0.0740199
-0.100547
-0.130911
-0.165778
-0.20567
-0.251024
-0.302134
-0.359163
-0.422144
-0.490996
-0.56553
-0.645384
-0.73017
-0.819384
-0.912384
-1.00854
-1.10714
-1.20736
-1.30843
-1.40955
-1.50983
-1.60842
-1.70449
-1.79726
-1.88592
-1.96967
-2.04778
-2.11956
-2.18442
-2.24181
-2.2912
-2.33216
-2.36429
-2.38728
-2.40092
-2.40505
-2.39962
-2.38466
-2.36027
-2.32665
-2.28404
-2.23279
-2.17328
-2.10596
-2.03134
-1.95002
-1.86264
-1.76997
-1.67279
-1.57191
-1.46812
-1.36222
-1.25511
-1.14772
-1.04099
-0.935734
-0.83276
-0.732955
-0.637165
-0.546066
-0.460327
-0.380647
-0.307485
-0.241258
-0.182392
-0.131007
-0.0872276
-0.0510438
-0.0222547
-0.000572656
0.014463
0.0233946
0.0269431
0.025912
0.0212069
0.0138143
0.00478498
-0.00833607
-0.0255235
-0.0441952
-0.0653195
-0.0897908
-0.118402
-0.151868
-0.190749
-0.235513
-0.286472
-0.343798
-0.407525
-0.477561
-0.553701
-0.63556
-0.722718
-0.814637
-0.910638
-1.01005
-1.11211
-1.21597
-1.32079
-1.42573
-1.52987
-1.63231
-1.73217
-1.82864
-1.92086
-2.008
-2.08929
-2.16403
-2.23157
-2.29134
-2.34281
-2.38551
-2.41903
-2.44304
-2.45732
-2.46172
-2.45617
-2.44071
-2.41543
-2.38055
-2.33631
-2.28308
-2.22125
-2.1513
-2.07376
-1.98924
-1.89843
-1.80212
-1.70111
-1.59627
-1.48842
-1.37841
-1.26715
-1.15563
-1.04484
-0.935634
-0.828866
-0.725465
-0.626325
-0.532162
-0.443687
-0.361638
-0.286511
-0.218752
-0.158815
-0.106838
-0.0629614
-0.0271773
0.000718633
0.0210273
0.0342335
0.0409135
0.0418324
0.0378472
0.0299258
0.0191243
0.00656822
-0.00689413
-0.0212522
-0.0372189
-0.0558286
-0.0780553
-0.10475
-0.136681
-0.17445
-0.218557
-0.269333
-0.326959
-0.391467
-0.462755
-0.540598
-0.624585
-0.714263
-0.809055
-0.908243
-1.01111
-1.11685
-1.22456
-1.33336
-1.44236
-1.55059
-1.6571
-1.76098
-1.86135
-1.95734
-2.04808
-2.13273
-2.21058
-2.28096
-2.34326
-2.39692
-2.44145
-2.47644
-2.50154
-2.5165
-2.52118
-2.51551
-2.49952
-2.47331
-2.4371
-2.39115
-2.33583
-2.27156
-2.19883
-2.11821
-2.03032
-1.93589
-1.83572
-1.73068
-1.62166
-1.50952
-1.39514
-1.2795
-1.16362
-1.04852
-0.935134
-0.824343
-0.717129
-0.614432
-0.517015
-0.425632
-0.341064
-0.263845
-0.194456
-0.133378
-0.0807731
-0.036795
-0.00144315
0.0254908
0.0443211
0.0555574
0.0598118
0.0578965
0.0507259
0.0393351
0.0248551
0.00849288
-0.00532346
-0.016596
-0.0296122
-0.0454797
-0.0652568
-0.0898584
-0.12011
-0.15666
-0.200037
-0.250595
-0.308523
-0.373851
-0.446463
-0.526111
-0.612358
-0.704713
-0.802558
-0.90513
-1.01167
-1.12131
-1.2331
-1.34612
-1.45942
-1.57198
-1.6828
-1.79093
-1.89544
-1.99542
-2.08994
-2.17816
-2.2593
-2.33267
-2.39763
-2.45361
-2.50009
-2.53662
-2.56286
-2.57855
-2.58354
-2.57774
-2.56119
-2.534
-2.49639
-2.44864
-2.39112
-2.32428
-2.24863
-2.16475
-2.07331
-1.97505
-1.87083
-1.76153
-1.64809
-1.53142
-1.41244
-1.29216
-1.17166
-1.05201
-0.934193
-0.819139
-0.70788
-0.601409
-0.500537
-0.406063
-0.318817
-0.239371
-0.168244
-0.105952
-0.0526772
-0.00859368
0.0262926
0.0521921
0.0694326
0.0785494
0.0801924
0.0752238
0.0646196
0.0494874
0.0310391
0.0105698
-0.00361318
-0.0115223
-0.0213207
-0.0341994
-0.0513049
-0.0736231
-0.10204
-0.137253
-0.179824
-0.230127
-0.28836
-0.354549
-0.428562
-0.510126
-0.598774
-0.693972
-0.795058
-0.901224
-1.01165
-1.12543
-1.24155
-1.35904
-1.47689
-1.59404
-1.70943
-1.82205
-1.93094
-2.03512
-2.13365
-2.22562
-2.31024
-2.38678
-2.45456
-2.51298
-2.5615
-2.59967
-2.62712
-2.64358
-2.64888
-2.64296
-2.62582
-2.59761
-2.55852
-2.50887
-2.44904
-2.37949
-2.30076
-2.21346
-2.11827
-2.01599
-1.90748
-1.7937
-1.6756
-1.55414
-1.43029
-1.30511
-1.17973
-1.05528
-0.932764
-0.813194
-0.697649
-0.587174
-0.482633
-0.384874
-0.294779
-0.212963
-0.139985
-0.0763965
-0.0224082
0.0217871
0.0561735
0.0809627
0.0964954
0.103334
0.102167
0.0939101
0.079606
0.0604398
0.0377113
0.0128109
-0.00175113
-0.00599474
-0.0122856
-0.0219075
-0.0361013
-0.0559302
-0.0823457
-0.116095
-0.157778
-0.207787
-0.26633
-0.333424
-0.408921
-0.49252
-0.583718
-0.681937
-0.786467
-0.896449
-1.01101
-1.12918
-1.24989
-1.37211
-1.49479
-1.61678
-1.73699
-1.85437
-1.96788
-2.07651
-2.17926
-2.2752
-2.36349
-2.44336
-2.51411
-2.57511
-2.6258
-2.6657
-2.69442
-2.71169
-2.71734
-2.71127
-2.69353
-2.66423
-2.6236
-2.57195
-2.50969
-2.43729
-2.35532
-2.26441
-2.16528
-2.05875
-1.94574
-1.82722
-1.7042
-1.57769
-1.44871
-1.31836
-1.18782
-1.05828
-0.930801
-0.80645
-0.686362
-0.571641
-0.463204
-0.361956
-0.268829
-0.184489
-0.109538
-0.0445654
0.0101863
0.0545019
0.0883538
0.111953
0.125654
0.130044
0.125855
0.114059
0.0957693
0.0722545
0.0449097
0.0152288
0.000276168
2.61971e-05
-0.0024423
-0.00851702
-0.0195394
-0.0366568
-0.0608905
-0.0930421
-0.133748
-0.183424
-0.242281
-0.31033
-0.387401
-0.473162
-0.56707
-0.6685
-0.776689
-0.890722
-1.00967
-1.13249
-1.25807
-1.3853
-1.51308
-1.6402
-1.76552
-1.88791
-2.0063
-2.11962
-2.22684
-2.32697
-2.41913
-2.50251
-2.5764
-2.64012
-2.69308
-2.7348
-2.76487
-2.783
-2.78901
-2.78281
-2.76442
-2.73399
-2.69174
-2.63799
-2.57316
-2.49777
-2.41238
-2.31768
-2.2144
-2.1034
-1.98564
-1.86213
-1.73394
-1.6021
-1.4677
-1.33189
-1.19591
-1.06098
-0.928256
-0.798844
-0.673943
-0.554718
-0.442147
-0.33719
-0.240839
-0.153809
-0.0767528
-0.0103012
0.0452689
0.0897162
0.122999
0.145326
0.157062
0.158825
0.151388
0.135784
0.113201
0.0849987
0.0526756
0.0178376
0.00248359
0.00658402
0.00827936
0.00606664
-0.00150338
-0.0156695
-0.0375278
-0.0679377
-0.107574
-0.156874
-0.216053
-0.28511
-0.363853
-0.451913
-0.548703
-0.653546
-0.765623
-0.883957
-1.00755
-1.13531
-1.26604
-1.39859
-1.53175
-1.6643
-1.79501
-1.9227
-2.04625
-2.16452
-2.27645
-2.38099
-2.47723
-2.56433
-2.64151
-2.70809
-2.76346
-2.8071
-2.83859
-2.85763
-2.86401
-2.85767
-2.83862
-2.807
-2.76304
-2.70708
-2.63957
-2.56102
-2.47205
-2.37335
-2.26571
-2.15001
-2.02725
-1.89849
-1.76483
-1.62738
-1.48727
-1.3457
-1.20396
-1.06335
-0.925079
-0.790311
-0.660312
-0.536312
-0.419352
-0.310455
-0.210671
-0.120776
-0.0414713
0.0265635
0.0830131
0.127607
0.160286
0.181254
0.190888
0.189832
0.178906
0.159205
0.131999
0.0987456
0.0610539
0.0206523
0.00488736
0.0137261
0.0199559
0.0219466
0.0181328
0.00717656
-0.0120984
-0.0406124
-0.0790809
-0.127961
-0.187471
-0.257597
-0.338117
-0.428623
-0.528481
-0.636955
-0.753162
-0.876064
-1.00459
-1.13758
-1.27377
-1.41194
-1.55081
-1.6891
-1.8255
-1.95878
-2.08777
-2.21127
-2.32815
-2.43735
-2.53789
-2.62889
-2.70955
-2.77915
-2.83706
-2.88271
-2.9157
-2.93569
-2.94249
-2.936
-2.91625
-2.88337
-2.83763
-2.77935
-2.70902
-2.62716
-2.53442
-2.43153
-2.31929
-2.19865
-2.07062
-1.93633
-1.79693
-1.65356
-1.50742
-1.35977
-1.21197
-1.06536
-0.921217
-0.780783
-0.645386
-0.516323
-0.394704
-0.281619
-0.178183
-0.085231
-0.00352495
0.0662064
0.123604
0.168364
0.200405
0.219926
0.227313
0.223235
0.208563
0.184456
0.152273
0.113575
0.0700935
0.0236895
0.00750516
0.0215043
0.0326708
0.0392351
0.0395063
0.0320389
0.0155706
-0.0108833
-0.0480796
-0.0964955
-0.156349
-0.22761
-0.310024
-0.403136
-0.50626
-0.618597
-0.739196
-0.866949
-1.00071
-1.13924
-1.28122
-1.42533
-1.57024
-1.71458
-1.85699
-1.99619
-2.1309
-2.25992
-2.38203
-2.49613
-2.6012
-2.69632
-2.78064
-2.85342
-2.91398
-2.96177
-2.99633
-3.01733
-3.02456
-3.01792
-2.99744
-2.96326
-2.91563
-2.85493
-2.78163
-2.69629
-2.59959
-2.49229
-2.37523
-2.24938
-2.11582
-1.97572
-1.83026
-1.68066
-1.52817
-1.37412
-1.2199
-1.06696
-0.916617
-0.77019
-0.629076
-0.494648
-0.368084
-0.250547
-0.143222
-0.0470098
0.0372646
0.108817
0.167239
0.212189
0.243561
0.261544
0.266529
0.259217
0.240523
0.21168
0.174138
0.129573
0.0798477
0.0269671
0.0103562
0.0299749
0.0465152
0.058055
0.0627668
0.0590889
0.0456669
0.021448
-0.0143667
-0.0622736
-0.122488
-0.194958
-0.279392
-0.375285
-0.481889
-0.598339
-0.723607
-0.856512
-0.99583
-1.14024
-1.28834
-1.43873
-1.59003
-1.74077
-1.88953
-2.03495
-2.17572
-2.31054
-2.43816
-2.55742
-2.66726
-2.76671
-2.85489
-2.93101
-2.99438
-3.04441
-3.08063
-3.10269
-3.11038
-3.10358
-3.08233
-3.04678
-2.99718
-2.93393
-2.85752
-2.76853
-2.66768
-2.55574
-2.43361
-2.30229
-2.16292
-2.01669
-1.86486
-1.70871
-1.54953
-1.38872
-1.22775
-1.06812
-0.911223
-0.758458
-0.611294
-0.471177
-0.339365
-0.217096
-0.105628
-0.00593674
0.0810866
0.154596
0.214128
0.259299
0.289973
0.306323
0.308748
0.297974
0.274966
0.241033
0.197723
0.146836
0.0903748
0.0305049
0.0134615
0.0391997
0.0615889
0.0785403
0.0880776
0.0885133
0.0783943
0.0565962
0.0222774
-0.0250762
-0.0856735
-0.159437
-0.24603
-0.344891
-0.455208
-0.576037
-0.706272
-0.84465
-0.989861
-1.1405
-1.29508
-1.45213
-1.61016
-1.76766
-1.92312
-2.07512
-2.22226
-2.36319
-2.49662
-2.62132
-2.73618
-2.84018
-2.93241
-3.01205
-3.07837
-3.13076
-3.16873
-3.19191
-3.20008
-3.19312
-3.17108
-3.13408
-3.08243
-3.0165
-2.93682
-2.84401
-2.73879
-2.62198
-2.49452
-2.35747
-2.21198
-2.05931
-1.90079
-1.73773
-1.57151
-1.40358
-1.23548
-1.06879
-0.904978
-0.745513
-0.591944
-0.445799
-0.308416
-0.181115
-0.0652343
0.0381732
0.128141
0.203757
0.264496
0.309925
0.339874
0.354498
0.354196
0.33972
0.312088
0.272686
0.223168
0.165466
0.101739
0.0343242
0.0168438
0.0492463
0.0780016
0.100838
0.115617
0.120516
0.113974
0.0947942
0.06209
0.0153329
-0.0456759
-0.120826
-0.209733
-0.311768
-0.426046
-0.551541
-0.687061
-0.831254
-0.982718
-1.13996
-1.3014
-1.46549
-1.63065
-1.79528
-1.95781
-2.11673
-2.27059
-2.41797
-2.5575
-2.68792
-2.80806
-2.91685
-3.01335
-3.09669
-3.16611
-3.22098
-3.26078
-3.28515
-3.29382
-3.28671
-3.26382
-3.22533
-3.17151
-3.10278
-3.01967
-2.92284
-2.81304
-2.69113
-2.55808
-2.41499
-2.26308
-2.10365
-1.93808
-1.76776
-1.59412
-1.41869
-1.24309
-1.06894
-0.897826
-0.731276
-0.570928
-0.418394
-0.275098
-0.142446
-0.0218628
0.0855152
0.178641
0.256527
0.318582
0.364316
0.393518
0.406319
0.403118
0.384688
0.352101
0.306823
0.250624
0.185576
0.114009
0.0384489
0.0205284
0.0601891
0.0958738
0.12511
0.145582
0.155319
0.152649
0.136294
0.105328
0.0592075
-0.00224915
-0.0788931
-0.170282
-0.275714
-0.394224
-0.524695
-0.665839
-0.816211
-0.97431
-1.13854
-1.30725
-1.47878
-1.65146
-1.82363
-1.99361
-2.15983
-2.32077
-2.47493
-2.6209
-2.75734
-2.88302
-2.99686
-3.09784
-3.18506
-3.25774
-3.31522
-3.35695
-3.38256
-3.39178
-3.38449
-3.36073
-3.32066
-3.26458
-3.19291
-3.10622
-3.00518
-2.89057
-2.7633
-2.62438
-2.47496
-2.31629
-2.14976
-1.97679
-1.79883
-1.61739
-1.43406
-1.25054
-1.06854
-0.889707
-0.715669
-0.548147
-0.388841
-0.239268
-0.100925
0.024672
0.136295
0.23281
0.313147
0.37664
0.422736
0.451176
0.462059
0.455779
0.43313
0.395235
0.343648
0.280257
0.207292
0.127263
0.0429047
0.0245431
0.0721102
0.115338
0.151533
0.178185
0.193165
0.194679
0.18137
0.152267
0.106821
0.0448705
-0.033388
-0.127446
-0.23652
-0.359554
-0.495332
-0.642465
-0.799404
-0.964545
-1.13619
-1.31259
-1.49198
-1.67262
-1.85272
-2.03057
-2.20449
-2.37287
-2.53418
-2.68691
-2.82967
-2.9612
-3.08032
-3.18601
-3.27732
-3.35343
-3.41364
-3.45741
-3.48432
-3.49411
-3.48665
-3.46198
-3.42026
-3.36181
-3.28706
-3.19661
-3.09115
-2.9715
-2.83861
-2.69353
-2.53746
-2.37172
-2.19772
-2.01697
-1.83098
-1.64132
-1.44968
-1.25782
-1.06754
-0.880559
-0.698609
-0.523495
-0.357014
-0.200776
-0.0563787
0.0745651
0.19073
0.290885
0.373872
0.438942
0.485469
0.513137
0.522009
0.512465
0.485318
0.441742
0.383381
0.312252
0.230748
0.141584
0.0477204
0.0289184
0.0851004
0.136541
0.180302
0.213663
0.23432
0.240353
0.230319
0.203208
0.158467
0.0959654
0.015955
-0.0809789
-0.193961
-0.321837
-0.46328
-0.616791
-0.780711
-0.953324
-1.13283
-1.31736
-1.50507
-1.6941
-1.88259
-2.06872
-2.25074
-2.42697
-2.59579
-2.75563
-2.90504
-3.0427
-3.1674
-3.27803
-3.37363
-3.45333
-3.51642
-3.56232
-3.59061
-3.601
-3.59337
-3.56774
-3.5243
-3.46336
-3.3854
-3.291
-3.18091
-3.05598
-2.9172
-2.76566
-2.60262
-2.42944
-2.2476
-2.05867
-1.86424
-1.66595
-1.46556
-1.26491
-1.06589
-0.870324
-0.680012
-0.496866
-0.322779
-0.159467
-0.00862726
0.128021
0.249046
0.353117
0.438974
0.505776
0.552816
0.579713
0.586482
0.573486
0.541549
0.491897
0.426265
0.346807
0.256097
0.157066
0.0529273
0.0336886
0.0992603
0.159645
0.211634
0.252275
0.279076
0.289982
0.283464
0.258473
0.214462
0.151338
0.0694194
-0.0306205
-0.147804
-0.280863
-0.428357
-0.588663
-0.760006
-0.94055
-1.12838
-1.32152
-1.51801
-1.7159
-1.91324
-2.1081
-2.29865
-2.48314
-2.65986
-2.82718
-2.98358
-3.12769
-3.25822
-3.37405
-3.47415
-3.55763
-3.62374
-3.67189
-3.70161
-3.71264
-3.70483
-3.67821
-3.63296
-3.56943
-3.48808
-3.38956
-3.27462
-3.14416
-2.9992
-2.84089
-2.67053
-2.48954
-2.29948
-2.10197
-1.89867
-1.6913
-1.4817
-1.2718
-1.06358
-0.858937
-0.659792
-0.468149
-0.286003
-0.115178
0.0425171
0.185253
0.311485
0.419769
0.508739
0.577449
0.625103
0.651239
0.65582
0.639179
0.602147
0.545999
0.472565
0.384143
0.283501
0.173811
0.0585603
0.0388915
0.114702
0.184828
0.245765
0.294304
0.327751
0.343907
0.341155
0.318413
0.275146
0.211312
0.127307
0.023906
-0.0977975
-0.236415
-0.390373
-0.557921
-0.737157
-0.926119
-1.12277
-1.32502
-1.53079
-1.73804
-1.9447
-2.14876
-2.3483
-2.54147
-2.72649
-2.90167
-3.06542
-3.21629
-3.35296
-3.47424
-3.57906
-3.66651
-3.73579
-3.78628
-3.81753
-3.82922
-3.82123
-3.79357
-3.74644
-3.68018
-3.59531
-3.49246
-3.37245
-3.23619
-3.08475
-2.91934
-2.74131
-2.55214
-2.35345
-2.14692
-1.9343
-1.71739
-1.4981
-1.27847
-1.06054
-0.846337
-0.637862
-0.43723
-0.246544
-0.0677427
0.0972495
0.246485
0.378297
0.49112
0.58347
0.654289
0.702672
0.728074
0.730387
0.709907
0.667463
0.604377
0.522572
0.424503
0.313145
0.191933
0.0646579
0.0445694
0.131549
0.212291
0.28296
0.340066
0.380696
0.4025
0.403773
0.383406
0.340886
0.276233
0.189939
0.0828932
-0.0436816
-0.188261
-0.34913
-0.524399
-0.71203
-0.909926
-1.11592
-1.3278
-1.54339
-1.76051
-1.97699
-2.19074
-2.39974
-2.60204
-2.79579
-2.97923
-3.15069
-3.30866
-3.45177
-3.57877
-3.68855
-3.78015
-3.85276
-3.90573
-3.93856
-3.95096
-3.94278
-3.91403
-3.86493
-3.79583
-3.70726
-3.59989
-3.47456
-3.33223
-3.17401
-3.00116
-2.81509
-2.61734
-2.40959
-2.1936
-1.9712
-1.74426
-1.51479
-1.2849
-1.05676
-0.832461
-0.614133
-0.403993
-0.204259
-0.0169876
0.155773
0.311949
0.449744
0.567462
0.663489
0.73664
0.785895
0.810603
0.810578
0.786064
0.737881
0.667388
0.576608
0.468154
0.345231
0.211558
0.0712628
0.0507695
0.14994
0.242256
0.32351
0.389907
0.438296
0.466168
0.471732
0.45386
0.412073
0.346472
0.257657
0.14665
0.0148197
-0.136161
-0.304424
-0.487926
-0.684487
-0.891865
-1.10776
-1.32984
-1.55578
-1.78331
-2.01015
-2.2341
-2.45305
-2.66495
-2.86788
-3.05999
-3.23954
-3.40497
-3.55483
-3.68783
-3.80281
-3.89877
-3.97487
-4.03042
-4.06493
-4.07807
-4.06969
-4.03982
-3.98866
-3.91659
-3.82414
-3.71204
-3.58114
-3.43246
-3.26714
-3.0865
-2.89199
-2.68525
-2.468
-2.24209
-2.00941
-1.77194
-1.53176
-1.29109
-1.05218
-0.817246
-0.588514
-0.36832
-0.158999
0.0372661
0.218297
0.381888
0.526102
0.649102
0.749134
0.824871
0.875162
0.89924
0.896819
0.868079
0.813818
0.735426
0.635024
0.515393
0.379982
0.232825
0.0784228
0.0575447
0.170031
0.274969
0.36774
0.444211
0.500976
0.535357
0.545483
0.530217
0.489131
0.422424
0.330824
0.215504
0.0779953
-0.0798639
-0.256039
-0.448325
-0.654385
-0.871828
-1.09821
-1.33107
-1.56795
-1.80646
-2.04422
-2.27891
-2.50831
-2.73031
-2.94288
-3.14408
-3.33213
-3.50538
-3.66232
-3.80161
-3.92204
-4.02258
-4.10233
-4.1606
-4.19687
-4.21079
-4.20221
-4.17115
-4.11784
-4.04266
-3.94617
-3.82912
-3.69239
-3.53705
-3.3643
-3.17549
-2.97216
-2.75599
-2.52878
-2.29246
-2.049
-1.80047
-1.54904
-1.29702
-1.04678
-0.800629
-0.560915
-0.330089
-0.110613
0.0952024
0.285041
0.456554
0.607658
0.736363
0.840761
0.919371
0.970895
0.994427
0.989569
0.956417
0.895731
0.808924
0.69821
0.566548
0.417649
0.255892
0.0861909
0.0649544
0.191995
0.310707
0.416012
0.503405
0.569202
0.610557
0.625518
0.612956
0.572515
0.50451
0.409824
0.289799
0.146148
-0.0191083
-0.203755
-0.405412
-0.621579
-0.849704
-1.0872
-1.33145
-1.57988
-1.82998
-2.07922
-2.32521
-2.56561
-2.79822
-3.0209
-3.23166
-3.42862
-3.61007
-3.77444
-3.92032
-4.04647
-4.15179
-4.23538
-4.29649
-4.3346
-4.34934
-4.34055
-4.30827
-4.25271
-4.17427
-4.07356
-3.95132
-3.8085
-3.6462
-3.46567
-3.26832
-3.05574
-2.82969
-2.59204
-2.34481
-2.09004
-1.82989
-1.56663
-1.30269
-1.04052
-0.782548
-0.531243
-0.289179
-0.0589445
0.15701
0.356227
0.536208
0.694711
0.829582
0.938747
1.02055
1.07354
1.09664
1.08932
1.05158
0.984118
0.888357
0.766598
0.621984
0.458509
0.280931
0.0946268
0.0730655
0.216028
0.34978
0.46873
0.56796
0.643492
0.692301
0.71237
0.702594
0.66271
0.59318
0.495063
0.369896
0.219595
0.0463778
-0.147343
-0.359002
-0.585921
-0.825383
-1.07464
-1.33094
-1.59157
-1.85386
-2.11521
-2.37308
-2.62505
-2.86879
-3.1021
-3.32288
-3.52919
-3.71923
-3.89138
-4.04417
-4.1763
-4.28664
-4.37424
-4.43834
-4.47838
-4.49398
-4.48498
-4.45142
-4.39351
-4.31168
-4.20654
-4.07889
-3.9297
-3.76011
-3.57143
-3.36514
-3.14288
-2.90648
-2.6579
-2.39922
-2.13258
-1.86024
-1.58458
-1.30809
-1.03336
-0.762941
-0.499407
-0.245464
-0.00383644
0.222884
0.432088
0.62112
0.787571
0.929112
1.04349
1.12885
1.18357
1.20639
1.19662
1.15412
1.07953
0.974248
0.840665
0.682108
0.502874
0.308141
0.103797
0.0819537
0.242352
0.392539
0.526347
0.638405
0.724416
0.781179
0.806623
0.799689
0.760241
0.688914
0.586974
0.456177
0.298666
0.116876
-0.0865681
-0.308901
-0.547261
-0.798753
-1.06046
-1.32949
-1.60299
-1.87815
-2.15224
-2.42261
-2.68672
-2.94215
-3.18661
-3.4179
-3.63401
-3.83306
-4.01336
-4.17339
-4.31179
-4.42738
-4.51919
-4.58641
-4.62847
-4.64498
-4.63576
-4.60086
-4.54049
-4.45511
-4.34535
-4.21204
-4.05619
-3.87898
-3.68178
-3.46613
-3.23374
-2.98651
-2.72647
-2.4558
-2.17672
-1.89159
-1.60289
-1.31322
-1.02529
-0.741749
-0.465315
-0.19882
0.0548722
0.293021
0.512861
0.711571
0.886563
1.03532
1.15539
1.24474
1.30149
1.32421
1.31203
1.26463
1.18256
1.06717
0.920941
0.747374
0.551095
0.337741
0.113778
0.091705
0.271216
0.439377
0.589372
0.715326
0.812607
0.877837
0.90891
0.904846
0.865667
0.79222
0.686008
0.54904
0.383705
0.192678
-0.0211883
-0.254916
-0.505448
-0.769703
-1.0446
-1.32708
-1.61415
-1.90286
-2.19035
-2.47386
-2.75073
-3.01844
-3.27459
-3.51691
-3.74328
-3.95177
-4.14061
-4.30821
-4.45317
-4.57427
-4.67047
-4.74097
-4.78515
-4.8026
-4.79317
-4.75686
-4.69394
-4.60485
-4.49026
-4.35103
-4.18821
-4.00304
-3.79693
-3.57149
-3.32849
-3.06992
-2.79789
-2.51465
-2.22254
-1.92399
-1.6216
-1.31809
-1.01626
-0.718912
-0.428874
-0.14912
0.117344
0.367624
0.598789
0.807846
0.992019
1.14859
1.2749
1.36868
1.42784
1.4507
1.43617
1.38377
1.29386
1.16778
1.00802
0.818293
0.603566
0.369983
0.124655
0.102418
0.302906
0.490742
0.658377
0.799383
0.908767
0.982986
1.01992
1.01872
0.979589
0.903639
0.792646
0.6489
0.475068
0.274083
0.049043
-0.196849
-0.460328
-0.738124
-1.02698
-1.32367
-1.62505
-1.92803
-2.22962
-2.52693
-2.8172
-3.09779
-3.3662
-3.62007
-3.85719
-4.07557
-4.27335
-4.44888
-4.60071
-4.72756
-4.82838
-4.9023
-4.94869
-4.96715
-4.95748
-4.91972
-4.85412
-4.76116
-4.64152
-4.49611
-4.326
-4.13251
-3.91708
-3.6814
-3.42732
-3.15688
-2.87229
-2.57589
-2.27011
-1.9575
-1.64075
-1.32269
-1.00626
-0.694375
-0.389996
-0.0962378
0.183744
0.446897
0.690121
0.91024
1.10428
1.26932
1.40247
1.5012
1.56318
1.58648
1.56973
1.51222
1.41416
1.27676
1.10256
0.895436
0.660733
0.405149
0.136526
0.114203
0.337748
0.547143
0.734011
0.891312
1.01368
1.09741
1.14042
1.142
1.10265
1.02374
0.907387
0.756192
0.573123
0.361399
0.124377
-0.1345
-0.411752
-0.703907
-1.00753
-1.31922
-1.63568
-1.95369
-2.27011
-2.58192
-2.88625
-3.18035
-3.46161
-3.72758
-3.97597
-4.20469
-4.41183
-4.59566
-4.75468
-4.88755
-4.99318
-5.07069
-5.1194
-5.1389
-5.129
-5.08972
-5.02133
-4.92432
-4.79942
-4.64754
-4.46983
-4.26763
-4.04247
-3.79609
-3.5304
-3.24755
-2.94981
-2.63963
-2.31954
-1.99219
-1.66037
-1.32705
-0.995272
-0.668084
-0.348591
-0.040048
0.254237
0.531047
0.787108
1.01906
1.22371
1.39792
1.53856
1.64283
1.70813
1.7322
1.71341
1.65077
1.54424
1.39491
1.20529
0.979451
0.723102
0.443563
0.149502
0.127192
0.376117
0.609162
0.817009
0.991944
1.12821
1.22196
1.27121
1.27547
1.23552
1.15313
1.03076
0.871364
0.67825
0.45494
0.20507
-0.0676676
-0.359566
-0.666947
-0.986183
-1.31372
-1.64608
-1.97989
-2.31189
-2.63893
-2.95801
-3.26627
-3.561
-3.83965
-4.09984
-4.33938
-4.55631
-4.74883
-4.91536
-5.05453
-5.1652
-5.24645
-5.29759
-5.31819
-5.30804
-5.26718
-5.19587
-5.09465
-4.96424
-4.80562
-4.61996
-4.40867
-4.17333
-3.91575
-3.63794
-3.3421
-3.03062
-2.70601
-2.37093
-2.02813
-1.68051
-1.33117
-0.983268
-0.639986
-0.304572
0.0195742
0.328988
0.620284
0.890008
1.1346
1.35067
1.53482
1.68367
1.79414
1.8633
1.88859
1.86801
1.80024
1.68497
1.52309
1.31706
1.07107
0.791251
0.485598
0.163711
0.141534
0.418445
0.677467
0.908209
1.10221
1.25332
1.35761
1.4132
1.41992
1.37895
1.29245
1.16331
0.99488
0.790837
0.555024
0.291376
0.00384742
-0.303622
-0.62714
-0.962888
-1.30713
-1.65624
-2.00668
-2.35505
-2.69808
-3.03263
-3.35574
-3.66457
-3.95649
-4.22902
-4.4799
-4.70706
-4.90866
-5.08305
-5.2288
-5.34474
-5.42991
-5.48359
-5.50534
-5.49494
-5.45242
-5.37808
-5.27244
-5.13629
-4.97062
-4.77667
-4.55588
-4.30991
-4.04064
-3.75014
-3.44073
-3.11486
-2.77517
-2.42439
-2.0654
-1.70123
-1.33508
-0.97024
-0.610036
-0.257855
0.082752
0.408162
0.714817
0.999078
1.25718
1.48552
1.68045
1.8383
1.9557
2.02937
2.05638
2.03434
1.96154
1.83732
1.66228
1.43878
1.17112
0.865843
0.531682
0.179303
0.157404
0.465235
0.752828
1.00857
1.22318
1.3901
1.50538
1.56735
1.57625
1.53369
1.44236
1.3056
1.12722
0.911279
0.661976
0.383555
0.0802442
-0.243774
-0.58439
-0.937588
-1.29945
-1.66619
-2.03412
-2.39968
-2.75948
-3.11026
-3.44892
-3.77252
-4.07833
-4.36377
-4.6265
-4.86437
-5.07546
-5.25806
-5.4107
-5.53214
-5.6214
-5.67775
-5.70069
-5.69003
-5.64579
-5.56827
-5.45804
-5.31589
-5.14287
-4.94025
-4.70954
-4.45246
-4.17097
-3.86723
-3.54362
-3.20272
-2.84724
-2.48004
-2.1041
-1.72258
-1.3388
-0.95618
-0.578189
-0.208359
0.149606
0.491922
0.814856
1.11458
1.38712
1.62864
1.83525
2.00298
2.12812
2.20704
2.23638
2.21331
2.13566
2.00232
1.81356
1.57151
1.28056
0.947639
0.58231
0.196448
0.175007
0.517074
0.836141
1.11918
1.35604
1.53976
1.66643
1.73473
1.74538
1.70057
1.60356
1.45823
1.26887
1.03998
0.776119
0.481862
0.161718
-0.17988
-0.538603
-0.910234
-1.29068
-1.67597
-2.06227
-2.44589
-2.82328
-3.19105
-3.546
-3.88507
-4.20541
-4.50435
-4.77947
-5.02853
-5.24953
-5.44072
-5.60055
-5.72775
-5.82129
-5.8804
-5.90461
-5.89367
-5.84763
-5.76681
-5.65178
-5.50337
-5.32267
-5.111
-4.86994
-4.60126
-4.30701
-3.98943
-3.65099
-3.29437
-2.92238
-2.538
-2.14432
-1.74462
-1.34236
-0.941085
-0.544407
-0.156008
0.220254
0.58043
0.920608
1.23677
1.52473
1.78042
1.99968
2.17824
2.31204
2.39704
2.42943
2.40587
2.32366
2.18114
1.97812
1.71644
1.40046
1.03752
0.638062
0.21535
0.194585
0.574654
0.928447
1.24132
1.50215
1.70365
1.84204
1.91648
1.92832
1.88045
1.77677
1.6218
1.42033
1.17734
0.897777
0.58655
0.248461
-0.111805
-0.489694
-0.880786
-1.28081
-1.68561
-2.09122
-2.49378
-2.88961
-3.27519
-3.64718
-4.00243
-4.33797
-4.65103
-4.9391
-5.19985
-5.43121
-5.63136
-5.79871
-5.93191
-6.02992
-6.09194
-6.11746
-6.10624
-6.05833
-5.97406
-5.85402
-5.69908
-5.51037
-5.28926
-5.03738
-4.7566
-4.44902
-4.11699
-3.76305
-3.39
-3.00076
-2.5984
-2.18616
-1.76743
-1.3458
-0.924958
-0.508656
-0.100728
0.29481
0.673843
1.03228
1.36591
1.67033
1.94124
2.1742
2.36462
2.50809
2.60012
2.63641
2.61305
2.52669
2.37505
2.15732
1.87492
1.53209
1.13652
0.699619
0.236247
0.216428
0.638793
1.03097
1.37645
1.66307
1.88328
2.0336
2.11383
2.12613
2.07422
1.96275
1.79692
1.58211
1.32377
1.02727
0.697867
0.340657
-0.0394198
-0.437583
-0.849211
-1.26984
-1.69517
-2.12105
-2.54347
-2.95862
-3.36285
-3.75269
-4.12486
-4.47628
-4.8041
-5.10569
-5.37866
-5.62084
-5.83036
-6.00554
-6.14503
-6.2477
-6.31275
-6.33964
-6.32813
-6.27827
-6.1904
-6.06514
-5.90339
-5.70632
-5.47535
-5.21219
-4.91877
-4.59728
-4.25015
-3.88003
-3.48982
-3.08254
-2.6614
-2.22974
-1.79109
-1.34916
-0.907807
-0.470906
-0.0424507
0.373383
0.772314
1.15007
1.50225
1.82424
2.11148
2.35926
2.56269
2.71694
2.81709
2.85827
2.83593
2.74601
2.58544
2.35266
2.04849
1.67689
1.24584
0.767784
0.259423
0.240882
0.710471
1.14516
1.52628
1.84058
2.08035
2.24264
2.32813
2.33996
2.28282
2.16227
1.98422
1.7547
1.47966
1.16491
0.816053
0.438482
0.0373963
-0.3822
-0.815485
-1.25781
-1.7047
-2.15184
-2.59509
-3.03048
-3.45423
-3.86273
-4.25259
-4.62063
-4.96386
-5.27958
-5.56529
-5.81878
-6.03807
-6.22145
-6.36748
-6.47503
-6.54324
-6.57156
-6.55975
-6.50785
-6.41623
-6.28552
-6.11667
-5.91087
-5.66963
-5.3947
-5.08809
-4.75207
-4.38918
-4.00217
-3.59403
-3.16791
-2.72714
-2.27517
-1.81568
-1.35251
-0.889648
-0.431135
0.0188848
0.456078
0.875994
1.27418
1.64604
1.98676
2.29152
2.55534
2.77299
2.93927
3.04873
3.09595
3.07566
2.98295
2.81384
2.56582
2.23888
1.83653
1.36689
0.843518
0.285217
0.268369
0.790866
1.27272
1.69279
2.03668
2.29676
2.47086
2.5608
2.57098
2.50723
2.3761
2.18433
1.9386
1.64542
1.31101
0.941338
0.542104
0.118754
-0.323486
-0.779594
-1.24474
-1.71427
-2.18372
-2.64879
-3.10536
-3.54953
-3.97755
-4.38591
-4.77129
-5.13062
-5.46109
-5.76012
-6.0254
-6.25489
-6.44681
-6.59969
-6.71232
-6.78383
-6.81365
-6.80152
-6.7475
-6.65197
-6.51558
-6.33932
-6.12443
-5.87246
-5.58525
-5.26487
-4.9137
-4.53436
-4.12972
-3.70286
-3.25707
-2.79578
-2.32259
-1.84129
-1.35589
-0.870502
-0.389328
0.0833355
0.542992
0.985024
1.4048
1.79753
2.15819
2.48173
2.76288
2.99609
3.17574
3.29589
3.35047
3.33344
3.23896
3.06193
2.79869
2.44812
2.01297
1.50137
0.927975
0.314044
0.299407
0.881412
1.41573
1.87832
2.25373
2.53464
2.72007
2.81337
2.82043
2.74844
2.60504
2.39787
2.13431
1.82141
1.46585
1.07394
0.651676
0.204751
-0.261391
-0.741533
-1.23066
-1.72396
-2.21679
-2.70471
-3.18346
-3.64898
-4.09741
-4.52508
-4.92858
-5.30472
-5.65058
-5.96351
-6.24109
-6.48123
-6.68207
-6.84208
-6.96002
-7.03497
-7.06635
-7.05389
-6.99766
-6.89804
-6.75574
-6.57175
-6.34738
-6.08423
-5.7842
-5.44947
-5.08249
-4.68599
-4.26294
-3.81655
-3.35021
-2.86749
-2.37212
-1.86804
-1.35937
-0.8504
-0.345473
0.150951
0.634216
1.09954
1.54212
1.95696
2.33884
2.68248
2.98234
3.23253
3.42703
3.55938
3.62285
3.61055
3.51558
3.33155
3.05337
2.67847
2.2085
1.65129
1.02256
0.346407
0.334638
0.983874
1.57666
2.08563
2.49437
2.79636
2.99229
3.08747
3.08961
3.00746
2.84988
2.62545
2.3423
2.00801
1.62971
1.21406
0.76734
0.295476
-0.195877
-0.70131
-1.21563
-1.73385
-2.25118
-2.76302
-3.26496
-3.75281
-4.22255
-4.6704
-5.09281
-5.4865
-5.84842
-6.17584
-6.46627
-6.7175
-6.92765
-7.0951
-7.21858
-7.29713
-7.33013
-7.31733
-7.25879
-7.15491
-7.00644
-6.8144
-6.58015
-6.30534
-5.99195
-5.64223
-5.25876
-4.84436
-4.4021
-3.93533
-3.44756
-2.94247
-2.42393
-1.89602
-1.36303
-0.829377
-0.299569
0.221773
0.729836
1.21967
1.6863
2.12455
2.52899
2.89413
3.21414
3.48285
3.6938
3.84004
3.91414
3.90829
3.81442
3.62468
3.3322
2.93257
2.42583
1.81908
1.12899
0.382934
0.374869
1.10044
1.75853
2.31797
2.76169
3.08457
3.28968
3.38479
3.37983
3.28529
3.11138
2.86767
2.56301
2.20555
1.80284
1.36189
0.889218
0.391
-0.126919
-0.658946
-1.19971
-1.74406
-2.28703
-2.82389
-3.35008
-3.86126
-4.35327
-4.82218
-5.26433
-5.67632
-6.055
-6.39753
-6.70135
-6.96417
-7.18401
-7.35923
-7.48848
-7.57078
-7.60548
-7.59231
-7.53136
-7.42305
-7.26814
-7.06772
-6.82316
-6.5362
-6.20887
-5.84354
-5.44287
-5.00979
-4.54751
-4.05947
-3.54933
-3.02089
-2.47817
-1.92538
-1.36695
-0.807477
-0.251621
0.295838
0.829926
1.34553
1.83751
2.30051
2.72891
3.117
3.45871
3.74756
3.97671
4.13869
4.22538
4.228
4.13721
3.94345
3.6378
3.21343
2.66814
2.00768
1.24941
0.424413
0.421131
1.23387
1.96506
2.57923
3.0592
3.40219
3.61453
3.7071
3.69241
3.58292
3.39028
3.12507
2.79687
2.41436
1.98548
1.51757
1.01742
0.491381
-0.0545065
-0.614472
-1.18297
-1.75468
-2.32449
-2.88752
-3.43905
-3.97459
-4.48985
-4.98075
-5.44349
-5.87456
-6.27071
-6.62901
-6.94678
-7.22167
-7.45164
-7.63495
-7.77023
-7.85643
-7.89289
-7.87934
-7.81587
-7.70294
-7.54134
-7.33217
-7.07689
-6.77726
-6.4354
-6.05378
-5.63517
-5.18262
-4.69945
-4.18924
-3.65576
-3.10297
-2.535
-1.95622
-1.37122
-0.784753
-0.201641
0.373174
0.934557
1.47724
1.99591
2.48505
2.93886
3.35141
3.71643
4.02715
4.27637
4.45613
4.5576
4.57104
4.4857
4.29018
3.97305
3.52451
2.93924
2.22073
1.38651
0.47185
0.474765
1.38769
2.20083
2.87403
3.39093
3.75246
3.9693
4.05619
4.02865
3.90131
3.68729
3.39819
3.04426
2.6347
2.17783
1.68127
1.15203
0.59666
0.0213588
-0.567935
-1.16551
-1.76586
-2.36373
-2.95409
-3.5321
-4.09309
-4.6326
-5.14644
-5.63066
-6.08163
-6.49599
-6.87071
-7.20303
-7.49051
-7.73102
-7.92278
-8.06434
-8.15461
-8.19291
-8.17895
-8.11285
-7.9951
-7.82652
-7.60826
-7.3418
-7.02897
-6.67196
-6.27336
-5.83604
-5.36319
-4.85825
-4.32492
-3.76712
-3.18892
-2.59461
-1.9887
-1.37595
-0.761265
-0.149649
0.453799
1.04379
1.61489
2.16165
2.67836
3.15907
3.59766
3.98767
4.32207
4.59336
4.79309
4.91179
4.93873
4.86172
4.66729
4.34113
3.86976
3.24363
2.4627
1.54371
0.526548
0.537542
1.56645
2.47157
3.20789
3.76148
4.13889
4.35653
4.43387
4.38982
4.24133
4.00303
3.68746
3.30552
2.86682
2.38004
1.85308
1.29312
0.706863
0.10066
-0.519393
-1.14741
-1.77772
-2.40492
-3.02384
-3.62948
-4.21702
-4.78186
-5.31962
-5.82623
-6.29792
-6.73126
-7.1231
-7.47058
-7.77118
-8.02269
-8.22325
-8.37136
-8.46588
-8.50609
-8.49169
-8.42284
-8.30006
-8.12422
-7.8965
-7.6184
-7.29181
-6.91901
-6.50269
-6.04587
-5.55186
-5.02424
-4.46681
-3.88365
-3.27897
-2.65719
-2.02296
-1.38123
-0.737081
-0.095672
0.537726
1.15766
1.75858
2.33484
2.88061
3.38975
3.85602
4.27276
4.63274
4.92819
5.15028
5.2889
5.33237
5.26708
5.0773
4.7455
4.25368
3.58671
2.73917
1.72546
0.590231
0.611855
1.77614
2.78452
3.58742
4.17607
4.56523
4.77882
4.84186
4.77706
4.60377
4.33805
3.9933
3.58092
3.11091
2.59226
2.03308
1.44073
0.821999
0.183366
-0.46892
-1.1288
-1.79043
-2.44825
-3.09697
-3.73145
-4.34671
-4.93796
-5.50067
-6.03061
-6.52389
-6.97699
-7.38665
-7.74994
-8.0642
-8.32717
-8.53692
-8.69187
-8.79081
-8.83299
-8.81813
-8.74639
-8.61837
-8.43497
-8.19741
-7.90721
-7.56629
-7.17702
-6.74222
-6.26508
-5.74902
-5.19775
-4.61522
-4.00563
-3.37336
-2.72294
-2.05918
-1.3872
-0.712275
-0.0397449
0.62496
1.27623
1.90838
2.51562
3.09195
3.63112
4.12673
4.57198
4.95951
5.28134
5.5283
5.68977
5.75319
5.70353
5.5228
5.18986
4.68136
3.97493
3.05717
1.93757
0.665225
0.701016
2.02482
3.14882
4.02049
4.64052
5.03546
5.23872
5.28179
5.19141
4.98929
4.69279
4.31601
3.87069
3.36713
2.81457
2.22133
1.59488
0.94206
0.269433
-0.416604
-1.10981
-1.80415
-2.49392
-3.17372
-3.83829
-4.48247
-5.10126
-5.68997
-6.24421
-6.75998
-7.23364
-7.66188
-8.04163
-8.37012
-8.64503
-8.86437
-9.02644
-9.13
-9.17424
-9.15886
-9.0841
-8.9506
-8.75935
-8.51156
-8.20877
-7.85292
-7.44648
-6.99242
-6.49408
-5.95506
-5.37916
-4.77046
-4.13336
-3.47235
-2.79207
-2.0975
-1.39396
-0.68693
0.0180906
0.715499
1.39952
2.06435
2.70408
3.31253
3.88334
4.40998
4.88559
5.30268
5.65317
5.92766
6.11512
6.20225
6.17272
6.00633
5.67811
5.15852
4.41597
3.42563
2.18787
0.754746
0.809727
2.32343
3.57621
4.51647
5.16123
5.55358
5.73866
5.75507
5.63367
5.39837
5.06758
4.65581
4.175
3.63556
3.04701
2.41785
1.75559
1.06703
0.358804
-0.362544
-1.09059
-1.81907
-2.54213
-3.25433
-3.9503
-4.62464
-5.27214
-5.88795
-6.46751
-7.00666
-7.50173
-7.9493
-8.34619
-8.68951
-8.97686
-9.20619
-9.37572
-9.4841
-9.53046
-9.51451
-9.43655
-9.29735
-9.09793
-8.83953
-8.52366
-8.15228
-7.72791
-7.25374
-6.73331
-6.17037
-5.56883
-4.93287
-4.26712
-3.57621
-2.86484
-2.13813
-1.40166
-0.661135
0.0777863
0.809335
1.52756
2.22656
2.90033
3.54248
4.14655
4.70597
5.21377
5.66249
6.04396
6.34875
6.56553
6.68045
6.67612
6.53029
6.21418
5.6914
4.91894
3.85594
2.487
0.863361
0.94487
2.68727
4.08173
5.08631
5.74504
6.1235
6.28075
6.26278
6.10438
5.8313
5.46259
5.01286
4.49392
3.91624
3.28956
2.62261
1.92283
1.19687
0.451414
-0.306852
-1.07131
-1.83539
-2.59311
-3.33905
-4.06776
-4.77357
-5.45099
-6.09506
-6.70096
-7.26441
-7.78174
-8.24945
-8.66421
-9.02296
-9.32325
-9.56303
-9.74035
-9.85376
-9.90233
-9.88572
-9.80438
-9.65922
-9.45132
-9.18193
-8.85251
-8.46494
-8.02184
-7.52668
-6.98322
-6.3954
-5.76716
-5.1028
-4.40722
-3.68523
-2.94148
-2.18125
-1.41044
-0.634988
0.139287
0.906461
1.66035
2.39505
3.10445
3.7819
4.4209
5.01484
5.5567
6.03907
6.45391
6.79182
7.04138
7.18844
7.21488
7.09681
6.80192
6.28668
5.49455
4.36273
2.84979
0.997746
1.11684
3.1381
4.68471
5.7426
6.3989
6.74872
6.86662
6.80558
6.60374
6.28812
5.87783
5.38718
4.8275
4.20915
3.54215
2.83554
2.09659
1.33155
0.547189
-0.249652
-1.05217
-1.85334
-2.64707
-3.42812
-4.191
-4.92964
-5.63824
-6.31176
-6.94507
-7.53375
-8.07421
-8.56288
-8.9963
-9.37107
-9.68481
-9.93554
-10.121
-10.2397
-10.2905
-10.2732
-10.1882
-10.0368
-9.82014
-9.53939
-9.19594
-8.79154
-8.32885
-7.81174
-7.24427
-6.63057
-5.97459
-5.28058
-4.55398
-3.79974
-3.02227
-2.22706
-1.42042
-0.60859
0.202532
1.00687
1.79789
2.56983
3.31653
4.03089
4.70649
5.33671
5.91445
6.43252
6.88306
7.25695
7.54284
7.72657
7.78975
7.70751
7.44473
6.95118
6.15507
4.96479
3.29736
1.16799
1.34191
3.70758
5.40986
6.49929
7.12937
7.43191
7.49722
7.38357
7.13153
6.7686
6.31315
5.77873
5.17574
4.51418
3.80461
3.05653
2.27685
1.47102
0.646052
-0.191066
-1.0334
-1.87319
-2.70424
-3.52177
-4.32034
-5.09326
-5.83429
-6.53855
-7.20037
-7.8152
-8.37968
-8.89018
-9.34309
-9.73448
-10.0622
-10.3244
-10.5184
-10.6426
-10.6959
-10.6776
-10.5887
-10.4308
-10.205
-9.91258
-9.55465
-9.13276
-8.6495
-8.10944
-7.51692
-6.87637
-6.19156
-5.46655
-4.70769
-3.92009
-3.10754
-2.27576
-1.43175
-0.582053
0.267444
1.11058
1.94017
2.75089
3.53668
4.28952
5.0034
5.67167
6.2871
6.84284
7.33135
7.74406
8.06982
8.29482
8.40098
8.36332
8.14523
7.69132
6.91412
5.68614
3.86042
1.38989
1.64653
4.44291
6.28822
7.37081
7.94173
8.17439
8.17255
7.99614
7.68703
7.27218
6.76819
6.18741
5.53859
4.8312
4.07668
3.28539
2.46361
1.61525
0.747924
-0.131204
-1.01529
-1.89527
-2.76482
-3.62021
-4.45613
-5.26488
-6.03958
-6.776
-7.46747
-8.10926
-8.69868
-9.23191
-9.7053
-10.1139
-10.456
-10.7304
-10.9333
-11.0633
-11.1191
-11.0996
-11.0066
-10.8418
-10.6066
-10.3022
-9.9294
-9.48936
-8.98439
-8.42028
-7.80161
-7.13326
-6.41863
-5.66103
-4.86862
-4.0467
-3.19765
-2.32755
-1.44455
-0.555498
0.333927
1.21765
2.08712
2.93815
3.76505
4.55787
5.3117
6.01983
6.67465
7.26996
7.79857
8.25289
8.62199
8.89275
9.04817
9.06424
8.90467
8.51227
7.78586
6.55691
4.58468
1.6891
2.0753
5.416
7.35726
8.37024
8.83863
8.97549
8.89151
8.64187
8.26896
7.79804
7.24241
6.61308
5.91607
5.15999
4.35792
3.52185
2.657
1.76421
0.852724
-0.0701276
-0.998234
-1.91997
-2.82896
-3.72353
-4.59873
-5.44505
-6.25446
-7.0247
-7.74701
-8.41646
-9.03176
-9.58863
-10.0837
-10.5099
-10.8667
-11.1542
-11.3665
-11.5026
-11.5612
-11.5401
-11.4424
-11.2703
-11.0256
-10.7089
-10.321
-9.86223
-9.3341
-8.7448
-8.09874
-7.40176
-6.65648
-5.86423
-5.03696
-4.18012
-3.29303
-2.3826
-1.45889
-0.529062
0.40182
1.32825
2.23866
3.13143
4.00191
4.83594
5.6314
6.38131
7.07704
7.71374
8.28435
8.78301
9.19875
9.5195
9.73017
9.80906
9.7223
9.41672
8.78324
7.61349
5.53978
2.10896
2.70654
6.73895
8.65836
9.50582
9.81842
9.8318
9.65187
9.31842
8.87538
8.34506
7.73505
7.05566
6.3083
5.50027
4.64765
3.76549
2.85736
1.91782
0.960347
-0.00775557
-0.982789
-1.94788
-2.89673
-3.83172
-4.74859
-5.63446
-6.47916
-7.28542
-8.0398
-8.7372
-9.37948
-9.96082
-10.4795
-10.9233
-11.2948
-11.5969
-11.8188
-11.9613
-12.0232
-11.9998
-11.8968
-11.7172
-11.4625
-11.1335
-10.7303
-10.2525
-9.69912
-9.08353
-8.40863
-7.68236
-6.9061
-6.07623
-5.21271
-4.32112
-3.39427
-2.44099
-1.47478
-0.502912
0.470817
1.44285
2.39459
3.33027
4.24788
5.12362
5.9625
6.75631
7.49417
8.17404
8.7881
9.33384
9.79926
10.1737
10.4451
10.5953
10.5946
10.4031
9.91468
8.89607
6.83415
2.7256
3.68296
8.59016
10.2275
10.7751
10.873
10.7364
10.4506
10.0223
9.50362
8.912
8.24503
7.51522
6.71569
5.85168
4.94476
4.01562
3.06556
2.0759
1.07062
0.056336
-0.969845
-1.97986
-2.96798
-3.94445
-4.9062
-5.83418
-6.71349
-7.55912
-8.34685
-9.07175
-9.74245
-10.3487
-10.8939
-11.3547
-11.7402
-12.0597
-12.2909
-12.4402
-12.5065
-12.4794
-12.3703
-12.1828
-11.918
-11.5766
-11.1584
-10.6616
-10.0797
-9.43711
-8.73137
-7.97549
-7.16913
-6.29665
-5.3955
-4.47094
-3.50213
-2.50264
-1.49211
-0.477239
0.540235
1.56251
2.55451
3.5336
4.50432
5.4205
6.30485
7.14531
7.92576
8.6508
9.30893
9.90473
10.4225
10.8538
11.1904
11.4192
11.5147
11.4638
11.1786
10.4395
8.64017
3.67789
5.27404
11.2588
12.069
12.1568
11.9862
11.6784
11.285
10.7489
10.1501
9.49777
8.77072
7.9922
7.1392
6.21381
5.24742
4.27097
3.28365
2.23789
1.18313
0.123395
-0.96095
-2.01732
-3.04215
-4.06087
-5.07227
-6.04609
-6.95624
-7.84731
-8.66961
-9.41987
-10.1215
-10.7518
-11.3295
-11.805
-12.2022
-12.5446
-12.7834
-12.9398
-13.0133
-12.9796
-12.8635
-12.6677
-12.3928
-12.0389
-11.606
-11.092
-10.4755
-9.80647
-9.06665
-8.28124
-7.44871
-6.52425
-5.58415
-4.63183
-3.61767
-2.56705
-1.51055
-0.452219
0.608458
1.68973
2.71763
3.73903
4.7744
5.72533
6.65815
7.54932
8.37118
9.14427
9.84537
10.4951
11.0673
11.5575
11.9625
12.2765
12.4713
12.583
12.5561
12.2479
11.2369
5.22857
)
;

boundaryField
{
    scalarinlet
    {
        type            calculated;
        value           nonuniform List<scalar> 
80
(
5.27404
11.2588
12.069
12.1568
11.9862
11.6784
11.285
10.7489
10.1501
9.49777
8.77072
7.9922
7.1392
6.21381
5.24742
4.27097
3.28365
2.23789
1.18313
0.123395
-0.96095
-2.01732
-3.04215
-4.06087
-5.07227
-6.04609
-6.95624
-7.84731
-8.66961
-9.41987
-10.1215
-10.7518
-11.3295
-11.805
-12.2022
-12.5446
-12.7834
-12.9398
-13.0133
-12.9796
-12.8635
-12.6677
-12.3928
-12.0389
-11.606
-11.092
-10.4755
-9.80647
-9.06665
-8.28124
-7.44871
-6.52425
-5.58415
-4.63183
-3.61767
-2.56705
-1.51055
-0.452219
0.608458
1.68973
2.71763
3.73903
4.7744
5.72533
6.65815
7.54932
8.37118
9.14427
9.84537
10.4951
11.0673
11.5575
11.9625
12.2765
12.4713
12.583
12.5561
12.2479
11.2369
5.22857
)
;
    }
    walls
    {
        type            calculated;
        value           nonuniform List<scalar> 
240
(
0
0
0
0
0
0
0
0
0
0
0
0
0
0
0
0
0
0
0
0
0
0
0
0
0
0
0
0
0
0
0
0
0
0
0
0
0
0
0
0
0
0
0
0
0
0
0
0
0
0
0
0
0
0
0
0
0
0
0
0
0
0
0
0
0
0
0
0
0
0
0
0
0
0
0
0
0
0
0
0
0
0
0
0
0
0
0
0
0
0
0
0
0
0
0
0
0
0
0
0
0
0
0
0
0
0
0
0
0
0
0
0
0
0
0
0
0
0
0
0
0
0
0
0
0
0
0
0
0
0
0
0
0
0
0
0
0
0
0
0
0
0
0
0
0
0
0
0
0
0
0
0
0
0
0
0
0
0
0
0
-0.0217521
-0.0654806
-0.109521
-0.154001
-0.199183
-0.24516
-0.292119
-0.340153
-0.389367
-0.439799
-0.491473
-0.544398
-0.598506
-0.653761
-0.709948
-0.767002
-0.824784
-0.882936
-0.941327
-0.999697
-1.05766
-1.115
-1.17146
-1.2266
-1.28004
-1.3315
-1.38074
-1.42742
-1.47114
-1.51155
-1.54836
-1.58138
-1.6104
-1.6352
-1.65557
-1.67132
-1.6823
-1.68841
-1.68961
-1.68587
-1.67725
-1.66379
-1.6456
-1.62282
-1.5956
-1.56413
-1.52862
-1.48932
-1.4465
-1.40044
-1.35149
-1.29999
-1.24631
-1.19084
-1.13394
-1.07597
-1.01729
-0.958274
-0.899283
-0.840677
-0.782779
-0.725879
-0.670242
-0.616116
-0.563727
-0.513258
-0.464845
-0.418573
-0.374498
-0.332664
-0.293058
-0.255572
-0.220108
-0.186571
-0.154751
-0.124449
-0.0954142
-0.0674094
-0.0401328
-0.0133062
)
;
    }
    frontAndBack
    {
        type            empty;
    }
}


// ************************************************************************* //
