/*--------------------------------*- C++ -*----------------------------------*\
  =========                 |
  \\      /  F ield         | OpenFOAM: The Open Source CFD Toolbox
   \\    /   O peration     | Website:  https://openfoam.org
    \\  /    A nd           | Version:  10
     \\/     M anipulation  |
\*---------------------------------------------------------------------------*/
FoamFile
{
    format      ascii;
    class       volScalarField;
    location    "0.1";
    object      gradTy;
}
// * * * * * * * * * * * * * * * * * * * * * * * * * * * * * * * * * * * * * //

dimensions      [0 -1 0 1 0 0 0];

internalField   nonuniform List<scalar> 
6400
(
0.0922513
0.0921938
0.0922954
0.0923725
0.0924959
0.0926552
0.0928319
0.0930001
0.0931876
0.093371
0.0935468
0.0936885
0.0937977
0.0939042
0.0939155
0.0938933
0.0938548
0.0936816
0.0934201
0.0931484
0.0927974
0.0923013
0.0916987
0.0910407
0.090317
0.0894899
0.0885468
0.0875049
0.0863866
0.0852017
0.0839486
0.0826244
0.0812315
0.0797781
0.0782752
0.0767344
0.075166
0.0735797
0.0719846
0.0703901
0.0688055
0.0672402
0.0657035
0.0642042
0.0627507
0.0613508
0.0600127
0.0587448
0.0575554
0.0564523
0.0554415
0.0545264
0.0537081
0.0529871
0.0523645
0.0518434
0.0514264
0.0511129
0.0508976
0.0507726
0.0507323
0.0507746
0.0508975
0.0510921
0.0513441
0.0516431
0.0519864
0.0523658
0.052763
0.0531725
0.0535918
0.053995
0.0543748
0.0547363
0.0550567
0.0553546
0.0555925
0.0557758
0.0558881
0.0559481
0.276552
0.276576
0.276831
0.277086
0.277479
0.277949
0.278474
0.278998
0.279544
0.280093
0.280637
0.281085
0.281373
0.281662
0.281808
0.281721
0.281486
0.281029
0.280345
0.279478
0.278343
0.276878
0.275137
0.273176
0.270964
0.26845
0.265625
0.262525
0.259188
0.255631
0.251857
0.247869
0.243682
0.239321
0.234817
0.2302
0.225498
0.22074
0.215953
0.211165
0.206406
0.201705
0.197088
0.192584
0.188219
0.184018
0.180004
0.176203
0.172638
0.16933
0.166295
0.163545
0.161085
0.158921
0.157056
0.155498
0.15425
0.153308
0.152658
0.152282
0.152165
0.152299
0.15267
0.153252
0.154007
0.154908
0.155943
0.157086
0.158282
0.159506
0.160757
0.161983
0.163135
0.164213
0.165179
0.166049
0.166756
0.16731
0.167668
0.167848
0.46069
0.460895
0.461215
0.461684
0.462395
0.463171
0.463988
0.464886
0.465863
0.466783
0.46761
0.468388
0.468953
0.469378
0.469644
0.469515
0.469065
0.468359
0.467293
0.46579
0.463832
0.461428
0.458598
0.455333
0.451598
0.447374
0.442675
0.437538
0.431992
0.426056
0.419744
0.413076
0.406086
0.398815
0.39131
0.383615
0.375777
0.367842
0.359857
0.351868
0.343925
0.336077
0.328371
0.320853
0.313569
0.30656
0.299869
0.293534
0.287593
0.282077
0.277014
0.272422
0.268316
0.264707
0.261603
0.259013
0.256937
0.255366
0.25428
0.253655
0.253471
0.253706
0.25433
0.2553
0.256564
0.258079
0.259814
0.261726
0.263733
0.265778
0.267858
0.269916
0.271857
0.273663
0.27529
0.276716
0.277887
0.278807
0.279428
0.279731
0.644671
0.64494
0.64542
0.646135
0.647074
0.648156
0.649342
0.650616
0.651999
0.65332
0.654432
0.655523
0.656448
0.657026
0.657307
0.657183
0.656626
0.655641
0.654129
0.652014
0.649285
0.645952
0.642007
0.637424
0.632174
0.626252
0.619682
0.612499
0.604733
0.596409
0.587553
0.578201
0.568402
0.558214
0.547696
0.536913
0.525926
0.514801
0.503604
0.492403
0.481265
0.47026
0.459455
0.448914
0.438701
0.428877
0.419499
0.410622
0.402295
0.394565
0.387468
0.381031
0.375278
0.370223
0.365881
0.362259
0.359356
0.35716
0.355644
0.354779
0.354535
0.354879
0.355764
0.357133
0.35892
0.361062
0.363508
0.366196
0.36903
0.371921
0.37484
0.377725
0.380463
0.383019
0.385326
0.387327
0.388984
0.390267
0.39114
0.39157
0.828399
0.828689
0.829385
0.830359
0.831497
0.832876
0.834515
0.836202
0.837895
0.839622
0.84116
0.84256
0.843766
0.844541
0.844893
0.84478
0.844121
0.842858
0.840904
0.838195
0.834714
0.830453
0.825388
0.819485
0.812724
0.805108
0.796664
0.787427
0.777432
0.76671
0.755301
0.743255
0.730637
0.717517
0.703973
0.690085
0.675933
0.661602
0.647177
0.632747
0.618398
0.604221
0.590301
0.576722
0.563567
0.550914
0.538837
0.527405
0.516684
0.50673
0.497591
0.489305
0.481901
0.475399
0.469818
0.465165
0.46144
0.458623
0.456685
0.455588
0.455296
0.455761
0.456921
0.458704
0.46103
0.463819
0.466992
0.47047
0.474148
0.477911
0.481693
0.485415
0.488958
0.492274
0.495265
0.49786
0.500012
0.501669
0.502797
0.503357
1.01183
1.01218
1.01299
1.01418
1.01565
1.01735
1.01937
1.0215
1.02357
1.02569
1.02768
1.02943
1.03089
1.03189
1.03237
1.03227
1.03151
1.02999
1.02761
1.02432
1.0201
1.01491
1.00873
1.00151
0.993238
0.983928
0.973605
0.962306
0.950071
0.936941
0.922967
0.908214
0.89276
0.876692
0.860103
0.84309
0.825753
0.808195
0.790522
0.772841
0.755261
0.73789
0.720835
0.7042
0.688085
0.672585
0.657792
0.643792
0.630663
0.618474
0.607285
0.597143
0.588082
0.580131
0.57331
0.56763
0.563086
0.559656
0.557305
0.555989
0.555661
0.556263
0.557716
0.559931
0.562818
0.566278
0.570203
0.57449
0.579032
0.583694
0.588367
0.592953
0.597324
0.60141
0.605094
0.608297
0.610948
0.61299
0.614388
0.615081
1.19475
1.19523
1.19618
1.19754
1.19937
1.20146
1.20382
1.20638
1.20891
1.21145
1.21389
1.21602
1.21777
1.21902
1.21965
1.2196
1.21874
1.21697
1.21419
1.21034
1.20539
1.19928
1.19198
1.18345
1.17367
1.16266
1.15046
1.13709
1.1226
1.10705
1.09049
1.07302
1.05471
1.03567
1.01602
0.995854
0.975308
0.954498
0.93355
0.912594
0.891756
0.871168
0.850954
0.831238
0.812139
0.793772
0.776245
0.759658
0.744105
0.729669
0.716419
0.704411
0.693689
0.684286
0.676226
0.66952
0.664162
0.660128
0.657376
0.655855
0.65551
0.656268
0.658035
0.660706
0.664178
0.668337
0.673045
0.678171
0.683601
0.689187
0.694782
0.700265
0.705497
0.710378
0.71478
0.718612
0.721786
0.724225
0.725896
0.726726
1.37714
1.37775
1.37887
1.38045
1.3826
1.38511
1.38785
1.39085
1.39389
1.39689
1.39978
1.40231
1.40439
1.40591
1.40673
1.40674
1.40581
1.40382
1.40066
1.39627
1.3906
1.38358
1.37517
1.36533
1.35404
1.34134
1.32724
1.31179
1.29504
1.27705
1.25789
1.23767
1.21649
1.19445
1.1717
1.14837
1.12458
1.10049
1.07624
1.05197
1.02785
1.00401
0.980609
0.957785
0.935677
0.914417
0.894132
0.874937
0.856942
0.840242
0.824917
0.811034
0.798644
0.787785
0.778485
0.770757
0.764593
0.759965
0.756824
0.755116
0.754773
0.755711
0.757819
0.760975
0.765061
0.769951
0.775477
0.78148
0.787832
0.79437
0.800917
0.807332
0.813457
0.819162
0.824314
0.828792
0.832508
0.835356
0.837305
0.838278
1.559
1.55967
1.561
1.56286
1.56531
1.56824
1.57142
1.57488
1.57845
1.58196
1.5853
1.58828
1.59074
1.59257
1.59361
1.59371
1.59273
1.59053
1.58702
1.58212
1.57574
1.56782
1.5583
1.54715
1.53437
1.51996
1.50396
1.48641
1.46738
1.44694
1.42516
1.40217
1.37808
1.35303
1.32715
1.3006
1.27355
1.24614
1.21854
1.19094
1.16349
1.13637
1.10975
1.08378
1.05863
1.03445
1.01138
0.989553
0.969093
0.95011
0.932696
0.916925
0.902858
0.890539
0.879999
0.871253
0.864291
0.85908
0.855568
0.853691
0.853374
0.854518
0.856998
0.860672
0.865408
0.871063
0.877448
0.884372
0.891688
0.899216
0.906749
0.914132
0.921183
0.927743
0.933672
0.938819
0.943091
0.946368
0.948605
0.949727
1.7402
1.74092
1.74245
1.74464
1.74741
1.75075
1.75444
1.7584
1.76252
1.76656
1.77042
1.77387
1.77676
1.77893
1.78021
1.78044
1.77944
1.77708
1.77325
1.76784
1.76077
1.75196
1.74135
1.7289
1.71461
1.69849
1.68058
1.66093
1.6396
1.61668
1.59227
1.56648
1.53945
1.51134
1.4823
1.45251
1.42214
1.39138
1.3604
1.32942
1.2986
1.26816
1.23828
1.20913
1.18091
1.15377
1.12788
1.10339
1.08045
1.05916
1.03964
1.02197
1.00621
0.992429
0.980649
0.970888
0.963135
0.957356
0.953491
0.951468
0.951203
0.952584
0.95547
0.959702
0.965128
0.971587
0.978875
0.986771
0.9951
1.00366
1.01223
1.02062
1.02863
1.03609
1.04282
1.04867
1.05352
1.05725
1.05979
1.06107
1.92062
1.92142
1.92315
1.92566
1.9288
1.93258
1.9368
1.94131
1.94601
1.95064
1.95504
1.95902
1.96238
1.96494
1.96651
1.9669
1.96592
1.96344
1.95931
1.95342
1.94568
1.93599
1.92429
1.91055
1.89476
1.87693
1.8571
1.83532
1.81168
1.78626
1.75917
1.73055
1.70056
1.66935
1.63711
1.60403
1.57031
1.53614
1.50175
1.46733
1.43311
1.3993
1.36611
1.33374
1.3024
1.27227
1.24353
1.21636
1.19089
1.16727
1.14563
1.12604
1.10859
1.09333
1.08031
1.06954
1.06101
1.05468
1.05048
1.04834
1.04815
1.0498
1.05314
1.05797
1.06413
1.07144
1.07968
1.0886
1.098
1.10765
1.1173
1.12676
1.13578
1.14417
1.15175
1.15833
1.16379
1.16799
1.17085
1.17229
2.10016
2.1011
2.10302
2.10586
2.10941
2.11366
2.11844
2.12356
2.12887
2.13413
2.13914
2.1437
2.14758
2.15058
2.15248
2.15307
2.15216
2.14958
2.14519
2.13885
2.13046
2.11991
2.10714
2.09211
2.07481
2.05526
2.0335
2.00959
1.9836
1.95565
1.92586
1.89438
1.86138
1.82704
1.79156
1.75514
1.71802
1.6804
1.64253
1.60463
1.56695
1.52972
1.49318
1.45755
1.42304
1.38988
1.35825
1.32835
1.30033
1.27436
1.25056
1.22904
1.20989
1.19315
1.17889
1.16712
1.15782
1.15094
1.14644
1.1442
1.14414
1.14609
1.14991
1.1554
1.16235
1.17057
1.17981
1.18981
1.20033
1.21113
1.22193
1.2325
1.24259
1.25197
1.26044
1.2678
1.27389
1.27858
1.28178
1.28338
2.27877
2.27987
2.282
2.28517
2.28918
2.29394
2.29932
2.30509
2.31107
2.31701
2.32269
2.32788
2.33234
2.33583
2.33811
2.33895
2.33815
2.33552
2.3309
2.32414
2.31512
2.30373
2.28989
2.27358
2.25478
2.23351
2.2098
2.18373
2.15538
2.12488
2.09235
2.05797
2.02192
1.9844
1.94562
1.90582
1.86523
1.82411
1.78271
1.74128
1.70008
1.65938
1.61943
1.58048
1.54276
1.50652
1.47196
1.43929
1.40869
1.38034
1.35436
1.33089
1.31001
1.2918
1.27629
1.26352
1.25346
1.24607
1.24128
1.23898
1.23907
1.24138
1.24573
1.25192
1.25972
1.2689
1.27921
1.29035
1.30207
1.31408
1.32609
1.33784
1.34904
1.35947
1.36887
1.37704
1.38382
1.38902
1.39257
1.39435
2.45638
2.45764
2.46001
2.46352
2.46803
2.47335
2.47937
2.48584
2.49254
2.49922
2.50564
2.51152
2.51662
2.52065
2.52337
2.52452
2.52388
2.52125
2.51643
2.50929
2.49966
2.48745
2.47257
2.45499
2.43468
2.41167
2.386
2.35775
2.32702
2.29392
2.25863
2.2213
2.18215
2.1414
2.09927
2.05603
2.01193
1.96724
1.92224
1.87721
1.83244
1.78821
1.74479
1.70246
1.66148
1.62211
1.58457
1.54909
1.51587
1.4851
1.45692
1.43148
1.40886
1.38916
1.37241
1.35864
1.34784
1.33995
1.3349
1.33258
1.33286
1.33556
1.3405
1.34746
1.35617
1.36638
1.37782
1.39018
1.40316
1.41645
1.42974
1.44273
1.45512
1.46664
1.47704
1.48607
1.49355
1.4993
1.50322
1.50519
2.63289
2.63429
2.63694
2.64083
2.64586
2.6518
2.65851
2.66574
2.67322
2.68071
2.68792
2.69457
2.70037
2.70501
2.70823
2.70975
2.70933
2.70674
2.70178
2.69428
2.68408
2.67107
2.65516
2.6363
2.61449
2.58974
2.5621
2.53165
2.49849
2.46278
2.42466
2.38435
2.34205
2.29801
2.25248
2.20573
2.15805
2.10972
2.06107
2.01237
1.96396
1.91613
1.86918
1.82341
1.77911
1.73655
1.69597
1.65764
1.62176
1.58853
1.55813
1.53069
1.50632
1.48511
1.46712
1.45236
1.44083
1.43246
1.42718
1.42488
1.4254
1.42855
1.43413
1.44191
1.45161
1.46292
1.47557
1.48923
1.50354
1.51819
1.53284
1.54714
1.56079
1.57347
1.58492
1.59486
1.60309
1.60942
1.61373
1.6159
2.80821
2.80973
2.81269
2.817
2.82259
2.8292
2.83665
2.84469
2.85304
2.86141
2.86949
2.87698
2.88355
2.88888
2.89266
2.89462
2.89447
2.89198
2.88692
2.8791
2.86836
2.85457
2.83764
2.81753
2.79421
2.76771
2.73808
2.7054
2.66979
2.63142
2.59044
2.54709
2.50159
2.4542
2.40519
2.35487
2.30354
2.25152
2.19912
2.1467
2.09456
2.04306
1.99251
1.94324
1.89555
1.84974
1.80608
1.76484
1.72625
1.69053
1.65786
1.6284
1.60226
1.57955
1.5603
1.54457
1.53232
1.5235
1.51803
1.51577
1.51658
1.52024
1.52652
1.53519
1.54594
1.55845
1.57239
1.58742
1.60317
1.61927
1.63535
1.65105
1.66603
1.67994
1.6925
1.7034
1.71244
1.71938
1.72411
1.72649
2.98221
2.98387
2.98716
2.99194
2.99812
3.00546
3.01371
3.02264
3.03192
3.04125
3.05029
3.05869
3.06612
3.07221
3.07664
3.0791
3.07929
3.07695
3.07184
3.06375
3.0525
3.03796
3.02004
2.99867
2.97385
2.94558
2.91394
2.87901
2.84092
2.79984
2.75596
2.70951
2.66074
2.60994
2.5574
2.50343
2.44837
2.39257
2.33636
2.28012
2.22419
2.16894
2.11472
2.06186
2.01072
1.96159
1.91478
1.87058
1.82924
1.79098
1.75602
1.72451
1.69658
1.67234
1.65185
1.63514
1.6222
1.61295
1.60731
1.60515
1.60629
1.61052
1.61758
1.62721
1.6391
1.65288
1.66821
1.68471
1.70197
1.71961
1.73723
1.75442
1.77082
1.78604
1.79978
1.81171
1.82159
1.82919
1.83435
1.83696
3.15481
3.15662
3.16028
3.16557
3.17238
3.1805
3.18963
3.19951
3.20982
3.22019
3.23027
3.23968
3.24804
3.25498
3.26014
3.26318
3.26378
3.26166
3.25655
3.24824
3.23652
3.22126
3.20235
3.17974
3.15341
3.12337
3.08969
3.05248
3.01187
2.96804
2.9212
2.8716
2.81951
2.76522
2.70906
2.65137
2.59251
2.53284
2.47274
2.41259
2.35278
2.2937
2.23572
2.17921
2.12453
2.07202
2.022
1.97477
1.93062
1.88978
1.85248
1.81889
1.78916
1.76338
1.74164
1.72397
1.71034
1.70069
1.69493
1.69291
1.69445
1.69931
1.70721
1.71789
1.73099
1.74614
1.76295
1.78103
1.79991
1.8192
1.83845
1.85722
1.87513
1.89175
1.90674
1.91977
1.93055
1.93885
1.94448
1.94733
3.32591
3.32791
3.33194
3.33778
3.34529
3.35424
3.36433
3.37526
3.38667
3.39818
3.4094
3.41991
3.42931
3.43719
3.44316
3.44686
3.44795
3.44612
3.44107
3.43257
3.42042
3.40447
3.3846
3.36075
3.33291
3.30109
3.26536
3.22583
3.18266
3.13604
3.08618
3.03336
2.97787
2.92002
2.86017
2.79867
2.73592
2.67229
2.6082
2.54406
2.48028
2.41728
2.35545
2.2952
2.2369
2.18093
2.12763
2.07732
2.0303
1.98683
1.94715
1.91145
1.87988
1.85256
1.82957
1.81094
1.79665
1.78663
1.78077
1.77894
1.78094
1.7865
1.79534
1.80714
1.82156
1.83817
1.85657
1.87632
1.89694
1.91799
1.93898
1.95944
1.97895
1.99706
2.0134
2.02759
2.03933
2.04837
2.05451
2.05761
3.49542
3.49763
3.50205
3.50849
3.51675
3.52661
3.53774
3.54981
3.56242
3.57517
3.58763
3.59934
3.60988
3.6188
3.62568
3.63014
3.63179
3.63031
3.62539
3.61677
3.60423
3.58762
3.56681
3.54173
3.51237
3.47876
3.44095
3.39908
3.3533
3.30383
3.2509
3.19479
3.13582
3.07434
3.0107
2.94531
2.87856
2.81088
2.74271
2.67448
2.60663
2.5396
2.47384
2.40975
2.34776
2.28824
2.23158
2.17812
2.12817
2.08202
2.03992
2.00207
1.96864
1.93976
1.91551
1.89593
1.88099
1.87064
1.86474
1.86315
1.86566
1.872
1.88185
1.89489
1.91072
1.9289
1.949
1.97054
1.99301
2.01594
2.03878
2.06105
2.08228
2.10198
2.11974
2.13517
2.14795
2.15777
2.16445
2.16782
3.66322
3.66567
3.67051
3.67759
3.68667
3.69752
3.70977
3.72307
3.737
3.7511
3.7649
3.77794
3.78972
3.79979
3.80769
3.81299
3.8153
3.81425
3.80952
3.80083
3.78795
3.77071
3.74898
3.72269
3.69181
3.65638
3.61648
3.57222
3.5238
3.47142
3.41534
3.35588
3.29336
3.22814
3.16063
3.09124
3.02041
2.94857
2.87621
2.80378
2.73176
2.66061
2.5908
2.52279
2.457
2.39385
2.33375
2.27706
2.22411
2.17522
2.13065
2.09062
2.05531
2.02486
1.99934
1.97882
1.96326
1.9526
1.9467
1.94541
1.94851
1.9557
1.96666
1.98102
1.99837
2.01824
2.04017
2.06363
2.08808
2.113
2.13783
2.16203
2.18509
2.20648
2.22578
2.24253
2.2564
2.26707
2.27432
2.27798
3.8292
3.8319
3.8372
3.84497
3.85495
3.86686
3.88034
3.89498
3.91033
3.92589
3.94117
3.95564
3.9688
3.98013
3.98915
3.99541
3.99846
3.99793
3.99346
3.98476
3.97159
3.95376
3.93113
3.90364
3.87124
3.83399
3.79195
3.74527
3.69415
3.6388
3.57952
3.51661
3.45045
3.38142
3.30993
3.23644
3.16141
3.08532
3.00865
2.93191
2.8556
2.78022
2.70627
2.63422
2.56453
2.49767
2.43404
2.37404
2.31803
2.26633
2.21924
2.17699
2.13977
2.10771
2.08093
2.05947
2.04332
2.03238
2.02653
2.0256
2.02936
2.03749
2.04965
2.06545
2.08444
2.10612
2.13
2.15552
2.18209
2.20915
2.2361
2.26236
2.28737
2.31058
2.3315
2.34968
2.36472
2.37629
2.38415
2.38813
3.99324
3.9962
4.002
4.01052
4.02147
4.03455
4.04936
4.06545
4.08234
4.0995
4.11638
4.13242
4.14707
4.1598
4.17006
4.17738
4.18128
4.18135
4.17723
4.16859
4.15518
4.13679
4.11329
4.0846
4.05068
4.01158
3.96738
3.91825
3.86436
3.80599
3.74342
3.67699
3.6071
3.53415
3.45858
3.38088
3.30154
3.22106
3.13997
3.05881
2.97809
2.89836
2.82014
2.74395
2.67027
2.59958
2.53233
2.46893
2.40978
2.35522
2.30555
2.26103
2.22187
2.1882
2.16015
2.13776
2.12103
2.10985
2.10411
2.1036
2.10809
2.11726
2.13072
2.14806
2.16882
2.19245
2.21842
2.24614
2.27498
2.30433
2.33355
2.36201
2.38911
2.41426
2.43693
2.45663
2.47292
2.48546
2.49398
2.49828
4.1552
4.15844
4.1648
4.17414
4.18614
4.20048
4.21673
4.2344
4.25297
4.27186
4.29048
4.30823
4.32453
4.33877
4.35041
4.3589
4.36376
4.36454
4.36083
4.35232
4.33873
4.31983
4.29548
4.2656
4.23015
4.18919
4.1428
4.09116
4.03446
3.97299
3.90705
3.83702
3.76329
3.68631
3.60656
3.52453
3.44076
3.35577
3.27014
3.18441
3.09916
3.01496
2.93236
2.8519
2.7741
2.69949
2.62852
2.56164
2.49927
2.44177
2.38947
2.34263
2.30149
2.26619
2.23686
2.21356
2.19626
2.18489
2.1793
2.17928
2.18459
2.19489
2.20976
2.22877
2.25143
2.27715
2.30537
2.33544
2.3667
2.39851
2.43015
2.46097
2.49031
2.51754
2.54208
2.5634
2.58104
2.59462
2.60384
2.6085
4.31497
4.31852
4.32548
4.3357
4.34885
4.36456
4.38237
4.40176
4.42214
4.44291
4.46342
4.48305
4.50113
4.51704
4.53019
4.53998
4.54591
4.54749
4.5443
4.53599
4.52226
4.5029
4.47773
4.44667
4.40969
4.36685
4.31824
4.26403
4.20446
4.13982
4.07043
3.99669
3.91903
3.83791
3.75385
3.66737
3.57903
3.48941
3.39909
3.30867
3.21876
3.12995
3.04283
2.95798
2.87595
2.79729
2.7225
2.65205
2.58637
2.52585
2.47085
2.42165
2.37849
2.34155
2.31093
2.28671
2.26888
2.25736
2.25197
2.25253
2.25874
2.27026
2.28666
2.30748
2.33217
2.36013
2.39075
2.42335
2.45722
2.49164
2.52589
2.55923
2.59097
2.62042
2.64697
2.67003
2.68911
2.7038
2.71377
2.71881
4.47242
4.47631
4.48391
4.4951
4.50949
4.52669
4.54619
4.56743
4.58978
4.6126
4.63517
4.65683
4.67686
4.6946
4.70939
4.72063
4.72775
4.73024
4.72766
4.71963
4.70583
4.68604
4.66007
4.62785
4.58934
4.54459
4.49371
4.4369
4.37439
4.3065
4.23357
4.15602
4.07431
3.98894
3.90044
3.80938
3.71634
3.62193
3.52679
3.43154
3.33681
3.24325
3.15148
3.06211
2.97573
2.8929
2.81417
2.74004
2.67096
2.60735
2.54959
2.49797
2.45276
2.41413
2.38223
2.3571
2.33876
2.32712
2.322
2.3232
2.33041
2.34327
2.36132
2.38407
2.41095
2.44132
2.47452
2.50982
2.54647
2.5837
2.62073
2.65677
2.69108
2.72292
2.75161
2.77654
2.79717
2.81304
2.82383
2.82928
4.62741
4.63166
4.63999
4.65221
4.66795
4.68675
4.70809
4.73134
4.75584
4.78087
4.80569
4.82955
4.8517
4.87142
4.88802
4.90084
4.90929
4.91281
4.91093
4.90326
4.88947
4.86929
4.84257
4.80919
4.76913
4.72245
4.66928
4.6098
4.54428
4.47305
4.39649
4.31503
4.22915
4.1394
4.04632
3.95053
3.85265
3.75331
3.65319
3.55295
3.45326
3.35481
3.25823
3.1642
3.07332
2.98621
2.90343
2.8255
2.75293
2.68614
2.62554
2.57145
2.52414
2.48381
2.4506
2.42458
2.40576
2.39404
2.38926
2.39117
2.39948
2.41379
2.43362
2.45846
2.48768
2.52063
2.55659
2.59478
2.63441
2.67465
2.71465
2.7536
2.79065
2.82505
2.85604
2.88297
2.90526
2.92242
2.93407
2.93996
4.77981
4.78446
4.79355
4.80691
4.8241
4.84465
4.86798
4.89341
4.92023
4.94767
4.97491
5.00117
5.02563
5.04752
5.06609
5.08065
5.09055
5.09522
5.09416
5.08694
5.07321
5.05271
5.02525
4.99072
4.94912
4.90049
4.84496
4.78276
4.71416
4.63951
4.55921
4.47372
4.38355
4.28928
4.19149
4.09082
3.98793
3.88351
3.77825
3.67286
3.56805
3.46454
3.36301
3.26416
3.16865
3.07711
2.99015
2.90832
2.83214
2.76209
2.69857
2.64194
2.59249
2.55043
2.51591
2.48901
2.46972
2.45797
2.45358
2.4563
2.46581
2.48169
2.50345
2.53052
2.56227
2.59798
2.63689
2.67818
2.72099
2.76445
2.80764
2.84969
2.8897
2.92683
2.96029
2.98938
3.01344
3.03197
3.04456
3.05092
4.92946
4.93453
4.94447
4.95904
4.97781
5.00026
5.02574
5.05355
5.08289
5.11293
5.14281
5.17166
5.19863
5.22287
5.2436
5.26005
5.27157
5.27752
5.27738
5.2707
5.25711
5.23633
5.20816
5.17251
5.12934
5.07873
5.02082
4.95583
4.88407
4.8059
4.72174
4.6321
4.53751
4.43858
4.33592
4.23022
4.12217
4.01249
3.90192
3.79121
3.68111
3.57237
3.46573
3.36191
3.26161
3.1655
3.07422
2.98836
2.90848
2.83506
2.76854
2.70931
2.65767
2.61385
2.578
2.55022
2.5305
2.51877
2.51484
2.51845
2.52927
2.54685
2.57068
2.60015
2.6346
2.67326
2.71533
2.75994
2.80616
2.85307
2.89968
2.94505
2.98822
3.02829
3.06441
3.0958
3.12178
3.14178
3.15537
3.16224
5.07621
5.08173
5.09258
5.10848
5.12896
5.15346
5.18128
5.21166
5.24372
5.27659
5.30932
5.341
5.37068
5.39748
5.42054
5.43908
5.45236
5.45973
5.46064
5.4546
5.44122
5.42021
5.39137
5.35459
5.30986
5.25723
5.19688
5.12904
5.05403
4.97224
4.88412
4.7902
4.69105
4.5873
4.47962
4.36871
4.25533
4.14021
4.02416
3.90795
3.79237
3.67823
3.5663
3.45734
3.35209
3.25126
3.15553
3.06551
2.9818
2.90491
2.83531
2.77341
2.71952
2.6739
2.63672
2.60806
2.58794
2.57627
2.57288
2.57747
2.58971
2.60913
2.63518
2.66723
2.70457
2.74639
2.79185
2.84
2.88987
2.94046
2.99074
3.03967
3.08623
3.12945
3.16842
3.20229
3.23032
3.25192
3.26658
3.274
5.21987
5.22589
5.23772
5.25506
5.2774
5.30412
5.33449
5.36764
5.40266
5.43859
5.47442
5.50914
5.54177
5.57134
5.59695
5.61774
5.63296
5.6419
5.64397
5.63867
5.62559
5.60441
5.57493
5.53704
5.49072
5.43606
5.37321
5.30244
5.22409
5.13857
5.04637
4.94803
4.84417
4.73544
4.62257
4.50629
4.38738
4.26664
4.14491
4.02301
3.90177
3.78204
3.66463
3.55036
3.43999
3.33428
3.23394
3.13963
3.05197
2.9715
2.89873
2.83408
2.77789
2.73044
2.6919
2.66238
2.64188
2.63033
2.62753
2.63321
2.64698
2.66838
2.69681
2.73163
2.77206
2.81727
2.86634
2.91829
2.97207
3.02661
3.0808
3.13355
3.18375
3.23036
3.27238
3.30892
3.33917
3.36246
3.37829
3.38629
5.36026
5.36682
5.37972
5.39862
5.42298
5.45212
5.48523
5.5214
5.55963
5.59887
5.63804
5.67607
5.71188
5.74445
5.77282
5.79608
5.8134
5.82407
5.82744
5.82299
5.81028
5.78899
5.75891
5.71991
5.672
5.61525
5.54986
5.47609
5.3943
5.30494
5.20852
5.10562
4.99689
4.88302
4.76477
4.64292
4.5183
4.39175
4.26414
4.13634
4.00924
3.88372
3.76065
3.64087
3.5252
3.41445
3.30934
3.21059
3.11884
3.03469
2.95864
2.89116
2.83261
2.78328
2.74337
2.71299
2.69214
2.68076
2.67864
2.6855
2.70094
2.72446
2.75545
2.79322
2.83697
2.88579
2.93873
2.99474
3.0527
3.11147
3.16986
3.2267
3.28081
3.33105
3.37636
3.41576
3.44838
3.47352
3.49059
3.49923
5.49721
5.50435
5.51841
5.53901
5.56555
5.59732
5.63341
5.67285
5.71454
5.75737
5.80016
5.84175
5.88101
5.91683
5.94819
5.97412
5.99374
6.0063
6.01111
6.00761
5.99537
5.97403
5.94337
5.90329
5.85376
5.7949
5.72689
5.65003
5.56471
5.47139
5.37061
5.263
5.14923
5.03004
4.90622
4.77861
4.64807
4.51549
4.38179
4.24789
4.11472
3.9832
3.85426
3.72878
3.60763
3.49164
3.3816
3.27826
3.18229
3.09431
3.01489
2.94449
2.88352
2.83228
2.79097
2.75973
2.73857
2.7274
2.72604
2.73418
2.75142
2.77722
2.81095
2.85188
2.89917
2.95186
3.00893
3.06927
3.1317
3.195
3.25789
3.31912
3.37742
3.43156
3.48041
3.52289
3.55808
3.58519
3.60361
3.61293
5.6305
5.63828
5.6536
5.67604
5.70496
5.73957
5.7789
5.82187
5.86732
5.91402
5.96072
6.00618
6.04916
6.0885
6.12309
6.15191
6.17403
6.18864
6.19504
6.19262
6.18093
6.1596
6.12841
6.08724
6.03609
5.97506
5.90437
5.82434
5.73537
5.63796
5.53268
5.42019
5.30121
5.17651
5.04693
4.91335
4.77667
4.63785
4.49784
4.35761
4.21814
4.08041
3.94538
3.81398
3.68715
3.56574
3.45059
3.34249
3.24215
3.15023
3.06732
2.99392
2.93045
2.87724
2.83452
2.80242
2.78097
2.77008
2.76956
2.77909
2.79826
2.8265
2.86317
2.90748
2.95854
3.01536
3.07684
3.14182
3.20903
3.27717
3.34489
3.41083
3.47362
3.53196
3.5846
3.6304
3.66835
3.69759
3.71747
3.72752
5.75993
5.7684
5.78509
5.80953
5.84104
5.87873
5.92156
5.96837
6.01788
6.06877
6.1197
6.16933
6.21633
6.25946
6.29755
6.32949
6.35433
6.37118
6.37931
6.3781
6.36705
6.3458
6.31411
6.27186
6.21906
6.15583
6.08239
5.99909
5.90636
5.80472
5.69479
5.57725
5.45286
5.32245
5.1869
5.04713
4.90409
4.75879
4.61223
4.46543
4.31943
4.17526
4.03391
3.89639
3.76365
3.63663
3.51619
3.40316
3.29829
3.20229
3.11577
3.03927
2.97323
2.918
2.87384
2.84089
2.81917
2.80861
2.80901
2.82005
2.84129
2.87215
2.91195
2.95986
3.01495
3.07617
3.14238
3.21231
3.28464
3.35796
3.43085
3.50183
3.56945
3.6323
3.68902
3.7384
3.77932
3.81086
3.8323
3.84315
5.88528
5.89451
5.91268
5.9393
5.97361
6.01465
6.06128
6.11223
6.16614
6.22157
6.27706
6.33119
6.38253
6.42976
6.47161
6.50694
6.5347
6.55399
6.56401
6.56413
6.55383
6.53272
6.50057
6.45725
6.40278
6.33729
6.26103
6.17435
6.07774
5.97173
5.85697
5.7342
5.60422
5.46789
5.32614
5.17995
5.03031
4.87829
4.72493
4.57132
4.41854
4.26767
4.11978
3.9759
3.83704
3.70418
3.57825
3.46011
3.35055
3.25032
3.16007
3.08036
3.01167
2.95438
2.90874
2.87493
2.85298
2.84281
2.84422
2.85689
2.88034
2.914
2.95713
3.00889
3.06828
3.1342
3.20543
3.28065
3.35845
3.43732
3.51574
3.59214
3.66494
3.73264
3.79377
3.84699
3.89111
3.92513
3.94826
3.95997
6.00632
6.01636
6.03616
6.06514
6.10249
6.14716
6.19791
6.25336
6.31202
6.37235
6.43278
6.49175
6.54778
6.59941
6.64533
6.6843
6.71523
6.73715
6.74924
6.75083
6.74137
6.72047
6.68789
6.6435
6.58734
6.51953
6.44037
6.35022
6.24958
6.13905
6.0193
5.89111
5.75532
5.61285
5.46467
5.3118
5.15532
4.99631
4.8359
4.67522
4.5154
4.35758
4.20288
4.0524
3.90719
3.76828
3.63665
3.5132
3.39878
3.29417
3.20005
3.11702
3.04559
2.98617
2.93903
2.90436
2.8822
2.87248
2.87499
2.8894
2.91523
2.95187
2.99856
3.05441
3.11838
3.18931
3.26591
3.34678
3.43041
3.51523
3.59958
3.68178
3.76016
3.83306
3.89893
3.95629
4.00387
4.04057
4.06553
4.07816
6.12277
6.13371
6.15527
6.18683
6.22749
6.2761
6.33131
6.39163
6.45543
6.52105
6.58681
6.65102
6.71208
6.76847
6.81876
6.86165
6.89599
6.92076
6.9351
6.93829
6.92978
6.90916
6.87618
6.83073
6.77284
6.70267
6.62051
6.52677
6.42197
6.30675
6.18183
6.04801
5.90619
5.75735
5.60249
5.4427
5.27911
5.11285
4.94511
4.77707
4.60994
4.44491
4.28314
4.12579
3.97398
3.82879
3.69123
3.56228
3.44281
3.33365
3.23552
3.14906
3.07481
3.01319
2.96451
2.92897
2.90663
2.89741
2.90112
2.9174
2.94577
2.98558
3.03606
3.09626
3.1651
3.24137
3.32369
3.41059
3.50047
3.59164
3.68234
3.77077
3.85513
3.93365
4.00461
4.06645
4.11777
4.15735
4.18429
4.19792
6.23438
6.24629
6.26977
6.30413
6.34838
6.40127
6.46133
6.52692
6.59629
6.66763
6.73913
6.80899
6.87548
6.93697
6.99197
7.03908
7.07709
7.10493
7.12169
7.12663
7.11918
7.09891
7.06558
7.01906
6.95941
6.88681
6.80155
6.7041
6.595
6.47492
6.34462
6.20497
6.05689
5.90142
5.73963
5.57265
5.40166
5.22786
5.0525
4.87683
4.7021
4.52956
4.36044
4.19597
4.0373
3.88557
3.74187
3.60719
3.48248
3.3686
3.26631
3.17629
3.09911
3.03523
2.98497
2.94856
2.92605
2.9174
2.92239
2.94068
2.97174
3.01494
3.06944
3.13428
3.20831
3.29025
3.37867
3.47201
3.56855
3.66652
3.76403
3.85915
3.94994
4.03448
4.11094
4.17761
4.23295
4.27567
4.30474
4.31945
6.34085
6.35383
6.3794
6.4168
6.46496
6.5225
6.58782
6.65912
6.73451
6.81203
6.88972
6.96566
7.03799
7.10498
7.16502
7.21666
7.25862
7.28976
7.30913
7.31598
7.3097
7.28986
7.25619
7.20862
7.14717
7.07206
6.98362
6.88232
6.76875
6.64363
6.50776
6.36204
6.20746
6.04511
5.8761
5.70164
5.52296
5.34133
5.15806
4.97444
4.7918
4.61146
4.43471
4.26281
4.09701
3.9385
3.7884
3.64777
3.51761
3.39882
3.29222
3.19851
3.1183
3.05208
3.0002
2.9629
2.94025
2.93222
2.9386
2.95902
2.99296
3.03975
3.09853
3.16828
3.24783
3.33581
3.43073
3.53092
3.63459
3.73983
3.84463
3.94692
4.04462
4.13566
4.21805
4.28993
4.34963
4.39573
4.42711
4.443
6.44187
6.45601
6.48385
6.52458
6.57699
6.63959
6.7106
6.7881
6.87
6.9542
7.03857
7.12104
7.19965
7.27254
7.33801
7.39451
7.44069
7.47538
7.49757
7.50648
7.50148
7.48213
7.44818
7.39953
7.33625
7.25855
7.16681
7.06153
6.94333
6.81298
6.67131
6.51928
6.35795
6.18844
6.01193
5.8297
5.64302
5.45324
5.26172
5.06984
4.87899
4.69053
4.50583
4.32622
4.153
3.98742
3.83067
3.68386
3.54803
3.42415
3.31305
3.21551
3.13216
3.06351
3.00996
2.97176
2.949
2.94165
2.9495
2.9722
3.00919
3.05979
3.12311
3.19808
3.28349
3.3779
3.47973
3.58723
3.69851
3.81152
3.92413
4.03412
4.13925
4.23729
4.32607
4.40358
4.468
4.51776
4.55165
4.56881
6.53711
6.5525
6.58283
6.62718
6.68422
6.75231
6.82952
6.91372
7.00267
7.09408
7.18565
7.27517
7.36052
7.43974
7.51102
7.57273
7.62344
7.66192
7.68714
7.69827
7.69466
7.67589
7.64168
7.59195
7.52678
7.44642
7.35127
7.24185
7.11885
6.98305
6.83536
6.67678
6.50842
6.33145
6.14715
5.95682
5.76182
5.56357
5.36347
5.163
4.96358
4.76668
4.57371
4.38607
4.20514
4.0322
3.86853
3.71528
3.57356
3.44437
3.32861
3.22709
3.14047
3.06931
3.01404
2.97491
2.95206
2.94545
2.95488
2.97998
3.02021
3.07485
3.14297
3.22349
3.31511
3.41635
3.52554
3.64084
3.76023
3.88156
4.00253
4.12079
4.23391
4.33949
4.43517
4.51877
4.58829
4.64202
4.67863
4.69718
6.62618
6.64296
6.67601
6.7243
6.78639
6.86046
6.94439
7.03587
7.13244
7.23163
7.33096
7.42806
7.52066
7.60667
7.68416
7.75144
7.80699
7.84954
7.87799
7.89151
7.88943
7.87129
7.83685
7.78603
7.71893
7.63581
7.53712
7.42341
7.29541
7.15395
6.99999
6.8346
6.65892
6.47421
6.28178
6.08303
5.87937
5.67229
5.46327
5.25384
5.04552
4.83982
4.63824
4.44225
4.25328
4.07269
3.90181
3.74186
3.59401
3.45929
3.33868
3.23301
3.143
3.06924
3.01218
2.97211
2.94918
2.94337
2.95447
2.98213
3.02579
3.08469
3.15791
3.2443
3.34251
3.45099
3.56801
3.69161
3.81966
3.94988
4.07983
4.20696
4.32867
4.44237
4.54551
4.63569
4.71074
4.76879
4.80835
4.8284
6.70872
6.72701
6.76302
6.81562
6.88322
6.9638
7.05504
7.1544
7.25923
7.36682
7.47451
7.57975
7.68013
7.7734
7.85756
7.93078
7.99151
8.03839
8.07031
8.08638
8.08593
8.06852
8.03387
7.98194
7.91284
7.82688
7.72451
7.60634
7.47314
7.3258
7.16532
6.99282
6.80953
6.61675
6.41587
6.20834
5.99567
5.77939
5.56108
5.34233
5.12473
4.90988
4.69934
4.49464
4.2973
4.10874
3.93035
3.76343
3.60918
3.46872
3.34305
3.23307
3.13953
3.06306
3.00415
2.96311
2.94011
2.93515
2.94803
2.97839
3.02567
3.08909
3.16769
3.26028
3.36548
3.48166
3.60699
3.73943
3.87672
4.01644
4.15599
4.29265
4.42361
4.54608
4.65727
4.75459
4.83564
4.89837
4.94115
4.96283
6.78428
6.80423
6.84349
6.90081
6.97441
7.06209
7.16127
7.26919
7.38295
7.49961
7.6163
7.7303
7.83901
7.94007
8.03134
8.11091
8.17715
8.22865
8.26426
8.28306
8.28438
8.26775
8.23292
8.17986
8.10871
8.01978
7.91359
7.79079
7.65218
7.49871
7.33143
7.15154
6.96031
6.75913
6.54944
6.33278
6.11071
5.88486
5.65687
5.42841
5.20115
4.97676
4.75688
4.54312
4.33706
4.1402
3.95399
3.77979
3.61888
3.47243
3.34149
3.22702
3.1298
3.05052
2.98968
2.94764
2.92459
2.92053
2.93529
2.9685
3.01959
3.08777
3.17206
3.27122
3.38381
3.50815
3.64231
3.78416
3.93131
4.08118
4.23102
4.3779
4.51883
4.65074
4.77066
4.8757
4.96327
5.03109
5.07737
5.10083
6.85243
6.87419
6.91701
6.97948
7.05966
7.15507
7.2629
7.3801
7.50352
7.62997
7.75636
7.87976
7.9974
8.10678
8.20565
8.29199
8.3641
8.42052
8.46005
8.48176
8.48497
8.46919
8.43421
8.37998
8.3067
8.2147
8.10453
7.9769
7.83266
7.6728
7.49845
7.31085
7.11135
6.90141
6.68255
6.45637
6.22451
5.98868
5.75061
5.51204
5.27471
5.04038
4.81077
4.58756
4.37241
4.1669
3.97254
3.79076
3.62291
3.47021
3.33378
3.21462
3.11357
3.03135
2.96851
2.92543
2.90233
2.89923
2.91597
2.95218
3.00729
3.08049
3.17077
3.27687
3.39729
3.53026
3.6738
3.82565
3.9833
4.14403
4.30489
4.46276
4.6144
4.75653
4.88587
4.99931
5.09396
5.16733
5.21742
5.24282
6.91265
6.93641
6.98313
7.05127
7.13862
7.24247
7.35971
7.48699
7.62086
7.75789
7.89472
8.02821
8.15542
8.27369
8.38065
8.4742
8.55255
8.61419
8.65789
8.6827
8.68791
8.67306
8.63793
8.58251
8.50701
8.41182
8.29751
8.16485
8.01473
7.84821
7.66648
7.47085
7.26274
7.04367
6.81524
6.57913
6.33708
6.09086
5.84227
5.59315
5.34534
5.10065
4.8609
4.62784
4.40322
4.18868
3.98582
3.79615
3.62105
3.46184
3.31968
3.19563
3.09058
3.0053
2.94036
2.8962
2.87305
2.87096
2.88978
2.92914
2.98847
3.06696
3.16356
3.27698
3.40566
3.54779
3.70127
3.86375
4.0326
4.20491
4.37758
4.54725
4.71044
4.86359
5.00315
5.12569
5.22805
5.30747
5.36172
5.38925
6.96442
6.99037
7.04138
7.11572
7.21094
7.32402
7.4515
7.58973
7.73493
7.88335
8.03142
8.17573
8.31319
8.44096
8.55654
8.65775
8.74272
8.8099
8.85801
8.88609
8.89343
8.87957
8.84431
8.78766
8.70986
8.61133
8.49271
8.35479
8.19855
8.02508
7.83566
7.63165
7.41455
7.18596
6.94757
6.70112
6.44843
6.19137
5.93182
5.67172
5.41296
5.15748
4.90715
4.66383
4.42933
4.20539
3.99367
3.79575
3.6131
3.44709
3.29895
3.16979
3.06056
2.97207
2.90496
2.85966
2.83646
2.83542
2.85642
2.89909
2.96285
3.04689
3.15014
3.27127
3.40868
3.56048
3.72451
3.89828
4.07905
4.26375
4.44905
4.6314
4.80703
4.9721
5.12273
5.25517
5.36594
5.45196
5.51077
5.54063
7.00714
7.03551
7.09125
7.17241
7.27625
7.3994
7.53806
7.68818
7.84564
8.00637
8.16652
8.32245
8.47085
8.60875
8.73351
8.84285
8.93485
9.00788
9.06066
9.0922
9.10179
9.08898
9.05359
8.99566
8.91545
8.81345
8.69032
8.54692
8.38428
8.20357
8.00611
7.79337
7.5669
7.32838
7.07958
6.82234
6.55857
6.29021
6.01924
5.74767
5.47752
5.21078
4.94942
4.6954
4.4506
4.21684
3.99588
3.78935
3.59882
3.42571
3.27133
3.13683
3.02324
2.9314
2.86199
2.8155
2.79224
2.7923
2.81557
2.8617
2.93011
3.01998
3.13022
3.25947
3.40608
3.56811
3.7433
3.92907
4.12252
4.32043
4.51927
4.71523
4.90428
5.08224
5.24488
5.3881
5.50803
5.60128
5.66509
5.69749
7.04016
7.0712
7.13216
7.22083
7.33414
7.46832
7.61917
7.78221
7.95294
8.12697
8.3001
8.46848
8.62858
8.77726
8.91178
9.02975
9.12917
9.20839
9.2661
9.30128
9.31324
9.30154
9.26602
9.20674
9.12403
9.01839
8.89055
8.74143
8.5721
8.38383
8.17799
7.95612
7.71987
7.47099
7.21135
6.94286
6.66752
6.38737
6.10449
5.82098
5.53893
5.26045
4.9876
4.72241
4.46687
4.22287
3.99226
3.77676
3.57799
3.39747
3.23656
3.09649
2.97832
2.88297
2.81116
2.76341
2.74008
2.74127
2.76691
2.81665
2.88992
2.9859
3.10348
3.24126
3.39757
3.5704
3.7574
3.95589
4.16285
4.37486
4.5882
4.79878
5.00229
5.19419
5.36989
5.52484
5.65479
5.75596
5.82525
5.86046
7.06279
7.09679
7.1635
7.26045
7.38417
7.53045
7.6946
7.8717
8.05681
8.24516
8.43226
8.61397
8.78656
8.94673
9.0916
9.2187
9.32597
9.41172
9.47461
9.51362
9.52807
9.51753
9.48186
9.42118
9.33583
9.22638
9.09362
8.93851
8.7622
8.56602
8.35143
8.12004
7.87358
7.6139
7.34293
7.06271
6.7753
6.48286
6.18756
5.89158
5.59713
5.30641
5.02156
4.74472
4.47797
4.22329
3.98261
3.75773
3.55037
3.36211
3.19437
3.04847
2.92552
2.82648
2.75214
2.70307
2.67963
2.682
2.71009
2.7636
2.84195
2.94432
3.06958
3.21634
3.38285
3.56706
3.76656
3.97854
4.19985
4.4269
4.65575
4.88205
5.10116
5.30816
5.49803
5.66579
5.80672
5.91657
5.99189
6.03019
7.07424
7.11152
7.18461
7.29071
7.4259
7.58544
7.76413
7.95652
8.15721
8.36102
8.56312
8.7591
8.94501
9.11739
9.27323
9.40999
9.52554
9.61816
9.68649
9.72952
9.74656
9.73722
9.70139
9.63923
9.55112
9.43768
9.29975
9.13838
8.95477
8.75033
8.5266
8.28526
8.02814
7.75718
7.4744
7.18193
6.88194
6.57668
6.26841
5.95943
5.65205
5.34854
5.05119
4.7622
4.48374
4.21791
3.96672
3.73206
3.51572
3.31936
3.14449
2.99248
2.86451
2.76161
2.68461
2.63412
2.61056
2.61412
2.64476
2.70218
2.78583
2.89487
3.02819
3.18435
3.36159
3.5578
3.77049
3.99676
4.23332
4.47641
4.72186
4.96505
5.20098
5.42433
5.62964
5.81139
5.96434
6.08376
6.16573
6.20744
7.07366
7.11458
7.19476
7.31099
7.45882
7.63295
7.82753
8.03656
8.25413
8.47461
8.69282
8.90406
9.10417
9.28951
9.45697
9.60392
9.72819
9.82803
9.90206
9.94929
9.96903
9.96094
9.92492
9.86118
9.77016
9.65253
9.5092
9.34126
9.15002
8.93694
8.70365
8.45193
8.18368
7.90094
7.60584
7.30058
6.98746
6.66882
6.34703
6.02449
5.7036
5.38677
5.07636
4.77468
4.48402
4.20655
3.94438
3.6995
3.47378
3.26896
3.08662
2.92822
2.79499
2.68804
2.60822
2.55623
2.5325
2.53728
2.57055
2.63203
2.72119
2.83719
2.97893
3.14494
3.33345
3.54228
3.76889
4.01029
4.26304
4.52322
4.78643
5.04775
5.30183
5.54293
5.76503
5.96209
6.12826
6.25822
6.34754
6.39303
7.06009
7.10509
7.19316
7.32062
7.48243
7.67259
7.88458
8.11173
8.34759
8.58605
8.82155
9.04909
9.26431
9.4634
9.64314
9.80084
9.93427
10.0417
10.1217
10.1733
10.1958
10.189
10.1527
10.0873
9.99324
9.87121
9.7222
9.5474
9.34816
9.12605
8.88277
8.6202
8.34033
8.04529
7.73732
7.41872
7.0919
6.75929
6.42339
6.08669
5.75172
5.42098
5.09695
4.78204
4.47863
4.18901
3.91538
3.65982
3.42429
3.21062
3.02048
2.85537
2.71663
2.6054
2.52262
2.46901
2.44508
2.45109
2.48706
2.55275
2.64763
2.77089
2.92141
3.09774
3.29805
3.52016
3.76144
4.01882
4.28875
4.56713
4.84932
5.13013
5.4038
5.66414
5.90456
6.1184
6.29911
6.44071
6.53818
6.58788
7.03249
7.08204
7.17892
7.31888
7.49618
7.70401
7.93506
8.18196
8.43763
8.69547
8.9495
9.19446
9.42573
9.63938
9.83209
10.0011
10.1441
10.2595
10.3457
10.4018
10.4273
10.4217
10.3852
10.318
10.2207
10.094
9.93903
9.75703
9.54942
9.31786
9.06414
8.79022
8.49821
8.19033
7.86892
7.5364
7.19527
6.84809
6.49746
6.146
5.79634
5.45108
5.11282
4.7841
4.46739
4.16508
3.87948
3.61276
3.36698
3.14406
2.94574
2.77361
2.62908
2.51336
2.42744
2.3721
2.3479
2.35515
2.3939
2.46393
2.56475
2.69555
2.85523
3.04233
3.25501
3.49105
3.74777
4.02204
4.31017
4.60791
4.9104
5.21213
5.50696
5.78817
6.04859
6.28083
6.47759
6.6321
6.73863
6.793
6.98969
7.04435
7.15108
7.305
7.49948
7.7268
7.97877
8.2472
8.52433
8.80304
9.07694
9.34045
9.58878
9.81783
10.0242
10.2051
10.3582
10.4818
10.5745
10.6353
10.6637
10.6595
10.6226
10.5535
10.4527
10.3212
10.16
9.97041
9.75405
9.51259
9.24795
8.96218
8.65748
8.33619
8.00075
7.65369
7.29763
6.93524
6.56924
6.20237
5.83736
5.47696
5.12386
4.78072
4.45012
4.13456
3.83645
3.55807
3.30158
3.06897
2.86209
2.68261
2.532
2.41154
2.3223
2.26511
2.24057
2.24905
2.29064
2.36515
2.47211
2.61075
2.77996
2.97829
3.2039
3.45454
3.72751
4.01959
4.32699
4.64532
4.96948
5.29367
5.61133
5.91522
6.19749
6.44997
6.66446
6.83331
6.94994
7.00954
6.93037
6.99079
7.10861
7.27813
7.49172
7.7406
8.01552
8.30742
8.60781
8.90898
9.20414
9.48743
9.75383
9.99914
10.2199
10.4132
10.5769
10.709
10.8084
10.8742
10.9056
10.9027
10.8654
10.7942
10.6898
10.5531
10.3853
10.1878
9.96228
9.71047
9.4344
9.13624
8.81829
8.48298
8.13289
7.77065
7.399
7.02074
6.6387
6.25574
5.87473
5.49852
5.12993
4.77173
4.42663
4.09723
3.78606
3.4955
3.2278
2.98506
2.76922
2.58202
2.42502
2.29957
2.2068
2.14762
2.12267
2.13237
2.17685
2.25596
2.36927
2.51602
2.69514
2.90517
3.14428
3.41021
3.70023
4.01107
4.33885
4.67904
5.02633
5.37462
5.71694
6.04546
6.35164
6.62639
6.86054
7.04537
7.17332
7.23879
6.85306
6.92001
7.05032
7.23735
7.47227
7.745
8.04515
8.36266
8.68822
9.01356
9.33147
9.63578
9.92131
10.1838
10.4196
10.626
10.8006
10.9417
11.048
11.1188
11.1534
11.1517
11.1139
11.0405
10.9322
10.7901
10.6154
10.4096
10.1744
9.91173
9.62371
9.31259
8.98079
8.63085
8.26545
7.88736
7.49944
7.10461
6.70583
6.30608
5.90836
5.51565
5.13089
4.75697
4.39672
4.05288
3.72805
3.42476
3.14534
2.892
2.66677
2.47147
2.30775
2.17704
2.08054
2.01921
1.99376
2.00465
2.05207
2.13591
2.25576
2.41091
2.6003
2.82249
3.07568
3.3576
3.66549
3.99606
4.34536
4.70874
5.0807
5.45484
5.82376
6.17906
6.51141
6.81074
7.06674
7.26943
7.4101
7.48219
6.7561
6.83046
6.97494
7.1817
7.44045
7.73965
8.06755
8.41298
8.7658
9.11712
9.4593
9.78594
10.0917
10.3722
10.6238
10.8438
11.0298
11.1802
11.2937
11.3696
11.4073
11.4069
11.3685
11.2927
11.1803
11.0324
10.8504
10.6359
10.3906
10.1166
9.81611
9.49144
9.14515
8.77992
8.39854
8.0039
7.59899
7.18686
6.7706
6.35333
5.93817
5.52824
5.1266
4.73627
4.36021
4.00126
3.66218
3.34557
3.0539
2.78947
2.55439
2.3506
2.17983
2.04357
1.9431
1.87945
1.85339
1.86544
1.91583
2.00451
2.1311
2.29492
2.49494
2.72976
2.99759
3.29619
3.62279
3.97408
4.34608
4.73402
5.13225
5.53409
5.93173
6.31615
6.67718
7.00368
7.28401
7.50675
7.66177
7.74137
6.63761
6.72045
6.88105
7.11011
7.39559
7.72418
8.08263
8.45852
8.84083
9.22003
9.58812
9.93842
10.2655
10.5649
10.8331
11.0672
11.2651
11.4251
11.546
11.6271
11.668
11.6688
11.6296
11.5512
11.4345
11.2806
11.0909
10.8672
10.6113
10.3254
10.0118
9.67297
9.31155
8.93035
8.53227
8.12035
7.69771
7.26752
6.83301
6.39745
5.96409
5.53617
5.11691
4.70945
4.31688
3.94216
3.58818
3.25765
2.95317
2.67712
2.43174
2.21904
2.04084
1.89872
1.79403
1.72788
1.7011
1.71426
1.76766
1.86127
1.99477
2.16752
2.37854
2.62645
2.9095
3.22546
3.57161
3.94463
4.34052
4.75444
5.18062
5.61212
6.04073
6.45682
6.84932
7.2059
7.51341
7.75874
7.93004
8.01818
6.49544
6.58803
6.76707
7.02145
7.33698
7.6983
8.09038
8.4995
8.91368
9.32278
9.71843
10.0938
10.4433
10.7625
11.0479
11.2968
11.5069
11.6768
11.8053
11.8918
11.9359
11.9378
11.8978
11.8165
11.6951
11.5348
11.3371
11.1037
10.8367
10.5384
10.2111
9.85742
9.48018
9.08228
8.66677
8.23681
7.79564
7.34659
6.89304
6.43839
5.98603
5.53934
5.10169
4.67634
4.26652
3.87533
3.50578
3.16071
2.84281
2.55461
2.29842
2.07637
1.89036
1.74206
1.6329
1.56404
1.53641
1.55062
1.60703
1.70566
1.84625
2.0282
2.25056
2.51201
2.81083
3.14485
3.51138
3.90714
4.32812
4.76949
5.22534
5.68856
6.15055
6.60108
7.02814
7.41808
7.75606
8.02695
8.21681
8.31475
6.32712
6.431
6.63126
6.91451
7.26393
7.66173
8.09089
8.53624
8.98482
9.42593
9.85085
10.2526
10.6257
10.9656
11.269
11.5331
11.7559
11.936
12.0723
12.1642
12.2115
12.2144
12.1733
12.089
11.9627
11.7955
11.5893
11.3458
11.0672
10.7558
10.4142
10.045
9.65123
9.23589
8.80217
8.35335
7.89285
7.42412
6.95069
6.4761
6.00391
5.53763
5.08077
4.63675
4.20892
3.80053
3.4147
3.05442
2.7225
2.42157
2.15407
1.9222
1.72798
1.57315
1.45922
1.38745
1.35881
1.37401
1.43342
1.53716
1.685
1.87638
2.11042
2.38584
2.70099
3.05375
3.44149
3.86099
4.30829
4.77857
5.26589
5.76298
6.26093
6.74889
7.21392
7.64095
8.01318
8.31311
8.52425
8.63349
6.12981
6.24686
6.47169
6.788
7.17577
7.6143
8.08435
8.56916
9.05483
9.53012
9.98607
10.4157
10.8134
11.1749
11.4969
11.7768
12.0126
12.2031
12.3474
12.4448
12.4953
12.4991
12.4568
12.3692
12.2375
12.0632
11.848
11.5939
11.303
10.978
10.6213
10.236
9.8249
9.39134
8.93859
8.47009
7.9894
7.50012
7.00593
6.51054
6.01764
5.53093
5.05402
4.5905
4.14386
3.71749
3.31465
2.93848
2.59189
2.27764
1.99827
1.75611
1.55324
1.39151
1.27253
1.19761
1.16781
1.18388
1.2463
1.35521
1.51043
1.71148
1.95753
2.24735
2.57936
2.95152
3.36129
3.80552
4.28036
4.78104
5.30166
5.83485
6.37145
6.9001
7.40687
7.87519
8.28604
8.61913
8.85484
8.97721
5.90018
6.03272
6.2862
6.64059
7.07188
7.55596
8.07107
8.59884
9.12442
9.63611
10.1249
10.5837
11.0071
11.3911
11.7323
12.0285
12.2777
12.4789
12.6312
12.7341
12.7878
12.7924
12.7486
12.6574
12.5201
12.3382
12.1136
11.8483
11.5446
11.2052
10.8329
10.4305
10.0014
9.5488
9.07618
8.58713
8.08535
7.57462
7.05877
6.54166
6.02716
5.5191
5.02126
4.53738
4.0711
3.62595
3.20535
2.81255
2.45062
2.12243
1.83063
1.57766
1.36569
1.19668
1.07231
0.993993
0.962848
0.97971
1.0451
1.15923
1.32198
1.53291
1.79127
2.0959
2.4453
2.8375
3.27008
3.74002
4.24359
4.77616
5.33191
5.9035
6.48161
7.05442
7.60709
8.12143
8.576
8.94716
9.21141
9.34919
5.63436
5.78528
6.07242
6.47088
6.95172
7.4868
8.05158
8.62601
9.19442
9.74481
10.2681
10.7575
11.2077
11.6149
11.976
12.2889
12.5519
12.7639
12.9244
13.0329
13.0896
13.0948
13.0494
12.9543
12.811
12.6211
12.3864
12.1093
11.7922
11.4378
11.049
10.629
10.181
9.70848
9.2151
8.70459
8.18079
7.64766
7.10919
6.56941
6.03236
5.50202
4.98235
4.47721
3.99041
3.52564
3.08647
2.6763
2.29832
1.95554
1.65072
1.38639
1.16486
0.988164
0.858069
0.776077
0.743392
0.760917
0.829237
0.94862
1.11901
1.34004
1.611
1.93083
2.2981
2.71097
3.16713
3.66371
4.19718
4.76308
5.35581
5.96813
6.59071
7.2114
7.81452
8.38025
8.88445
9.29954
9.59724
9.75325
5.32771
5.5007
5.82771
6.27749
6.81492
7.40714
8.02659
8.65161
9.26585
9.8572
10.4168
10.938
11.416
11.8472
12.2287
12.5587
12.8357
13.0589
13.2276
13.3416
13.4012
13.4069
13.3596
13.2603
13.1106
12.9121
12.667
12.3775
12.0463
11.6762
11.2702
10.8316
10.3638
9.87055
9.35549
8.82257
8.27579
7.71927
7.15718
6.59375
6.03315
5.47957
4.9371
4.40977
3.90155
3.41628
2.95771
2.52937
2.13461
1.77656
1.45809
1.18186
0.950267
0.765444
0.629261
0.543307
0.508869
0.526922
0.598115
0.722778
0.900916
1.13222
1.41606
1.75145
2.13707
2.57118
3.05164
3.57576
4.14024
4.7409
5.37241
6.02781
6.69789
7.37038
8.02891
8.65207
9.21279
9.67889
10.0161
10.1939
4.9747
5.17449
5.5492
6.05909
6.66131
7.31756
7.99711
8.67681
9.33991
9.97445
10.5719
11.1263
11.633
12.0888
12.4913
12.8387
13.13
13.3644
13.5414
13.6609
13.7234
13.7293
13.6798
13.5759
13.4194
13.2119
12.9557
12.6532
12.3072
11.9206
11.4966
11.0386
10.5502
10.0352
9.49753
8.9412
8.37042
7.78949
7.20275
6.61461
6.02946
5.45162
4.88536
4.33486
3.80426
3.29759
2.81873
2.37141
1.9591
1.58507
1.2523
0.963579
0.7214
0.527999
0.385342
0.295115
0.258693
0.277121
0.351116
0.481066
0.667037
0.908785
1.20575
1.55706
1.96145
2.41736
2.92279
3.47528
4.07182
4.70858
5.38062
6.0814
6.80207
7.53044
8.24973
8.93711
9.56238
10.0881
10.4724
10.6767
4.56861
4.80143
5.23376
5.81447
6.49107
7.21904
7.96446
8.70305
9.418
10.0979
10.7348
11.3234
11.8596
12.3407
12.7645
13.1298
13.4355
13.6812
13.8665
13.9915
14.0566
14.0626
14.0106
13.9018
13.7379
13.5209
13.2531
12.9369
12.5753
12.1714
11.7286
11.2503
10.7404
10.2027
9.64139
9.06062
8.46479
7.85835
7.24588
6.63197
6.02118
5.41803
4.82694
4.25227
3.6983
3.16925
2.6692
2.20203
1.77138
1.38062
1.03288
0.731055
0.477745
0.275286
0.125745
0.0309135
-0.0077434
0.0108935
0.0876022
0.222832
0.416707
0.669047
0.97938
1.3469
1.77049
2.2487
2.77972
3.36135
3.99091
4.66499
5.37921
6.1276
6.90189
7.69034
8.47613
9.23525
9.93445
10.5302
10.9713
11.2081
4.10117
4.37535
4.87808
5.54273
6.30485
7.11302
7.93039
8.73206
9.50173
10.2289
10.9067
11.5304
12.0969
12.6037
13.0493
13.4326
13.7529
14.01
14.2036
14.334
14.4016
14.4074
14.3525
14.2384
14.0668
13.8397
13.5595
13.229
12.8511
12.4291
11.9665
11.4671
10.9346
10.3733
9.78725
9.18097
8.55897
7.92592
7.28658
6.64575
6.00822
5.37867
4.76168
4.16177
3.5834
3.03096
2.50876
2.02086
1.57102
1.16278
0.799356
0.483779
0.218769
0.00674732
-0.150114
-0.249904
-0.291064
-0.272402
-0.193082
-0.0525939
0.14924
0.4123
0.736205
1.12024
1.56339
2.06435
2.62152
3.23297
3.8964
4.60893
5.36681
6.16487
6.99573
7.84848
8.70675
9.54595
10.33
11.0085
11.5189
11.7963
3.56201
3.88896
4.47875
5.24346
6.10396
7.00154
7.89709
8.76592
9.59295
10.3691
11.0889
11.7486
12.346
12.879
13.3466
13.748
14.0831
14.3516
14.5535
14.6891
14.7591
14.7643
14.7062
14.5863
14.4065
14.1687
13.8756
13.5299
13.1349
12.6939
12.2108
11.6892
11.1332
10.5471
9.9353
9.30239
8.65307
7.99223
7.32482
6.65591
5.99049
5.3334
4.6894
4.06314
3.45927
2.88241
2.33705
1.82747
1.3576
0.931065
0.551219
0.221226
-0.0560764
-0.278191
-0.442838
-0.547966
-0.591915
-0.573426
-0.491612
-0.345901
-0.136067
0.137819
0.475483
0.8763
1.33934
1.86346
2.44726
3.08912
3.78715
4.53906
5.3419
6.1915
7.08165
8.00279
8.9397
9.868
10.7494
11.5265
12.1223
12.4513
2.93794
3.33368
4.03251
4.91707
5.89061
6.88739
7.8673
8.80707
9.69372
10.5203
11.2829
11.9793
12.608
13.1675
13.6573
14.077
14.4268
14.7067
14.9169
15.0576
15.1296
15.134
15.0723
14.9463
14.7576
14.5086
14.2018
13.8402
13.4272
12.9664
12.4617
11.9169
11.3364
10.7244
10.0857
9.42504
8.7472
8.05733
7.36062
6.66239
5.96786
5.28207
4.6099
3.95616
3.32566
2.72324
2.15368
1.62146
1.13065
0.685005
0.287956
-0.0571465
-0.347353
-0.580118
-0.753052
-0.86392
-0.910962
-0.892857
-0.808684
-0.657795
-0.439933
-0.155143
0.196444
0.614282
1.0975
1.64515
2.256
2.92874
3.66194
4.45399
5.30284
6.20551
7.15736
8.1507
9.17234
10.1993
11.1924
12.0874
12.7899
13.1862
2.21173
2.69944
3.53664
4.56524
5.66827
6.77428
7.84437
8.85832
9.80634
10.6843
11.4904
12.2239
12.8841
13.4703
13.9823
14.4203
14.7848
15.0762
15.2945
15.4402
15.514
15.5172
15.4515
15.3188
15.1208
14.8598
14.5386
14.1604
13.7285
13.2469
12.7196
12.1507
11.5445
10.9055
10.2388
9.54909
8.84147
8.12128
7.39396
6.66511
5.94024
5.22454
4.52302
3.8406
3.18228
2.55313
1.95824
1.4024
0.889715
0.424111
0.00903468
-0.351903
-0.655637
-0.899636
-1.08141
-1.19844
-1.24889
-1.23139
-1.14501
-0.988999
-0.763088
-0.46735
-0.101695
0.333389
0.837034
1.40852
2.04675
2.75075
3.51952
4.35223
5.24783
6.20475
7.22022
8.28906
9.40118
10.5367
11.6575
12.6939
13.5317
14.0177
1.36039
1.97462
2.98972
4.1916
5.44199
6.66694
7.83227
8.92286
9.93329
10.863
11.7128
12.4835
13.1755
13.7885
14.3227
14.7788
15.1581
15.4608
15.6871
15.8376
15.9129
15.9144
15.8443
15.7046
15.4968
15.2231
14.8868
14.4909
14.0392
13.5358
12.985
12.3909
11.7578
11.0906
10.3947
9.67473
8.93599
8.18415
7.42482
6.664
5.9075
5.16066
4.42856
3.71624
3.02884
2.3717
1.75031
1.16981
0.6343
0.147888
-0.286105
-0.663629
-0.981512
-1.23735
-1.42857
-1.55223
-1.60643
-1.58975
-1.50134
-1.34026
-1.10627
-0.799592
-0.419739
0.0328155
0.557074
1.15269
1.81854
2.55405
3.35862
4.23224
5.17501
6.18687
7.26726
8.41414
9.62169
10.8752
12.1413
13.3475
14.359
14.9682
0.352272
1.14636
2.39289
3.80262
5.21885
6.57129
7.83566
9.00424
10.0772
11.0585
11.9518
12.7597
13.4836
14.1233
14.6794
15.1534
15.5473
15.8614
16.0956
16.2507
16.3272
16.3265
16.2515
16.1043
15.8861
15.5991
15.2467
14.8325
14.3597
13.8337
13.2582
12.6378
11.9767
11.28
10.5536
9.80216
9.03089
8.24602
7.45319
6.65897
5.86951
5.09027
4.32636
3.58286
2.86505
2.17857
1.52941
0.923251
0.363891
-0.144145
-0.598054
-0.992946
-1.32556
-1.59388
-1.79527
-1.92601
-1.98429
-1.96864
-1.87842
-1.71233
-1.47019
-1.15269
-0.758515
-0.288234
0.256735
0.876764
1.57039
2.33758
3.17794
4.09246
5.08242
6.14935
7.29517
8.52156
9.8282
11.2082
12.6375
14.0473
15.2843
16.0686
-0.857599
0.201768
1.75202
3.4088
5.00844
6.49445
7.85978
9.1063
10.2409
11.2729
12.209
13.0536
13.8095
14.4758
15.0536
15.5448
15.9533
16.2789
16.5207
16.6803
16.7576
16.7541
16.6737
16.5186
16.2896
15.9884
15.6191
15.1857
14.6906
14.1409
13.5396
12.8919
12.2015
11.4739
10.716
9.93163
9.12629
8.307
7.47903
6.64989
5.82612
5.01322
4.21624
3.44027
2.69065
1.97334
1.29501
0.66225
0.0779238
-0.452425
-0.927458
-1.34052
-1.68836
-1.9698
-2.18228
-2.32055
-2.38327
-2.36879
-2.27708
-2.106
-1.85553
-1.52754
-1.11888
-0.630513
-0.0649181
0.5799
1.30133
2.10028
2.9762
3.9313
4.96808
6.08961
7.30044
8.60643
10.0139
11.5263
13.1361
14.7879
16.3203
17.3625
-2.33555
-0.868782
1.08129
3.02602
4.8232
6.44454
7.91037
9.23312
10.427
11.508
12.4859
13.3665
14.1546
14.8472
15.4462
15.9538
16.3768
16.7141
16.9632
17.1275
17.2051
17.1978
17.1115
16.9483
16.708
16.3915
16.0044
15.5512
15.0321
14.4579
13.8296
13.1538
12.4327
11.6725
10.8819
10.0634
9.22228
8.36725
7.50229
6.63661
5.77717
4.92935
4.09805
3.28827
2.50539
1.75559
1.04646
0.386393
-0.224272
-0.777256
-1.27506
-1.70709
-2.07043
-2.36563
-2.5905
-2.73661
-2.80418
-2.79088
-2.6982
-2.52213
-2.26285
-1.92513
-1.50176
-0.994665
-0.40893
0.261339
1.01034
1.84121
2.75213
3.7472
4.83003
6.00506
7.27939
8.66344
10.1709
11.8176
13.6217
15.5558
17.4764
18.9145
-4.18344
-2.0634
0.408655
2.67689
4.67868
6.43029
7.99349
9.38894
10.638
11.7656
12.7838
13.6994
14.5203
15.2388
15.8584
16.3807
16.8187
17.1682
17.4238
17.5931
17.6707
17.6581
17.5655
17.3943
17.1424
16.8093
16.4033
15.9302
15.3844
14.7855
14.1285
13.4239
12.6707
11.8756
11.0519
10.198
9.31881
8.42709
7.52284
6.61889
5.72246
4.83851
3.97166
3.12675
2.30907
1.52489
0.782865
0.0954337
-0.54363
-1.11861
-1.64183
-2.09353
-2.47223
-2.78172
-3.02106
-3.17497
-3.24795
-3.23544
-3.14277
-2.96165
-2.69236
-2.34672
-1.90814
-1.38105
-0.776635
-0.0794516
0.696335
1.55959
2.5045
3.53864
4.6664
5.89317
7.2284
8.68708
10.2905
12.067
14.0723
16.3246
18.7506
20.8236
-6.56459
-3.34927
-0.216277
2.39113
4.59345
6.45989
8.11532
9.57812
10.8763
12.0474
13.1042
14.0527
14.9085
15.6519
16.2918
16.8256
17.2794
17.6427
17.9028
18.0785
18.1557
18.1353
18.0359
17.8572
17.5941
17.2423
16.8158
16.3243
15.747
15.1246
14.4364
13.7032
12.9162
12.0829
11.2266
10.3358
9.41558
8.48715
7.54043
6.59643
5.66177
4.74055
3.83695
2.95559
2.10157
1.28087
0.502856
-0.210376
-0.881754
-1.47563
-2.0292
-2.50093
-2.89402
-3.21801
-3.47566
-3.63621
-3.71573
-3.70266
-3.61208
-3.42583
-3.14357
-2.79414
-2.33923
-1.78933
-1.1701
-0.442446
0.357918
1.25499
2.23204
3.30417
4.47548
5.75165
7.14405
8.67201
10.3644
12.2568
14.4585
17.0476
20.1105
23.2484
-9.75282
-4.61782
-0.713064
2.20338
4.58896
6.539
8.28206
9.80521
11.143
12.3546
13.4484
14.4259
15.3215
16.0877
16.7486
17.2873
17.7595
18.1398
18.3997
18.5854
18.662
18.6291
18.5231
18.3382
18.0648
17.6909
17.2415
16.7367
16.1177
15.4771
14.7524
13.993
13.1704
12.293
11.4068
10.4782
9.51146
8.54887
7.55444
6.56874
5.59485
4.63533
3.69385
2.77479
1.88293
1.02339
0.203875
-0.52941
-1.242
-1.84547
-2.43974
-2.9307
-3.33578
-3.67357
-3.9572
-4.12037
-4.20932
-4.1919
-4.10793
-3.91662
-3.61418
-3.27053
-2.79665
-2.21751
-1.59323
-0.826193
-0.00721615
0.927842
1.93325
3.04239
4.2558
5.57852
7.0233
8.61334
10.3857
12.3667
14.7455
17.6495
21.4492
26.4551
-14.2281
-5.58205
-0.96603
2.1451
4.69009
6.6666
8.50054
10.0754
11.4381
12.688
13.8185
14.8165
15.7637
16.5467
17.2327
17.7623
18.2595
18.6639
18.912
19.1164
19.1925
19.138
19.0269
18.8383
18.5575
18.1552
17.678
17.1747
16.4909
15.8476
15.0741
14.2956
13.4352
12.5023
11.5948
10.6271
9.60339
8.61565
7.56337
6.53522
5.52148
4.52276
3.54231
2.58436
1.6534
0.753116
-0.119442
-0.856383
-1.63229
-2.22034
-2.87884
-3.38465
-3.79706
-4.14535
-4.47152
-4.62574
-4.73215
-4.70042
-4.63323
-4.43781
-4.0977
-3.7821
-3.28297
-2.65952
-2.05464
-1.22553
-0.403906
0.580598
1.60595
2.75199
4.00628
5.37236
6.86371
8.50658
10.3523
12.3746
14.8986
18.0251
22.4838
30.9109
)
;

boundaryField
{
    scalarinlet
    {
        type            calculated;
        value           nonuniform List<scalar> 
80
(
-16.8643
-5.93661
-1.01491
2.15168
4.77044
6.74182
8.62364
10.222
11.5925
12.8613
14.0103
15.0155
15.9927
16.7819
17.4823
18.0026
18.5145
18.9334
19.1714
19.3884
19.4643
19.396
19.2829
19.0932
18.8098
18.3914
17.8985
17.4013
16.677
16.0381
15.2359
14.4504
13.5707
12.6061
11.691
10.7036
9.6478
8.6509
7.5663
6.51692
5.48315
4.46462
3.46443
2.48675
1.53596
0.614938
-0.288104
-1.02086
-1.83633
-2.40762
-3.10645
-3.61792
-4.03249
-4.38473
-4.73787
-4.88336
-5.00146
-4.95897
-4.90371
-4.70663
-4.34152
-4.04771
-3.53376
-2.88288
-2.2964
-1.42811
-0.610979
0.402433
1.43484
2.59948
3.87395
5.26088
6.77394
8.44064
10.3221
12.3502
14.9377
18.1413
22.8743
33.5258
)
;
    }
    walls
    {
        type            calculated;
        value           nonuniform List<scalar> 
240
(
0.0922513
0.276552
0.46069
0.644671
0.828399
1.01183
1.19475
1.37714
1.559
1.7402
1.92062
2.10016
2.27877
2.45638
2.63289
2.80821
2.98221
3.15481
3.32591
3.49542
3.66322
3.8292
3.99324
4.1552
4.31497
4.47242
4.62741
4.77981
4.92946
5.07621
5.21987
5.36026
5.49721
5.6305
5.75993
5.88528
6.00632
6.12277
6.23438
6.34085
6.44187
6.53711
6.62618
6.70872
6.78428
6.85243
6.91265
6.96442
7.00714
7.04016
7.06279
7.07424
7.07366
7.06009
7.03249
6.98969
6.93037
6.85306
6.7561
6.63761
6.49544
6.32712
6.12981
5.90018
5.63436
5.32771
4.9747
4.56861
4.10117
3.56201
2.93794
2.21173
1.36039
0.352272
-0.857599
-2.33555
-4.18344
-6.56459
-9.75282
-14.2281
0.0559481
0.167848
0.279731
0.39157
0.503357
0.615081
0.726726
0.838278
0.949727
1.06107
1.17229
1.28338
1.39435
1.50519
1.6159
1.72649
1.83696
1.94733
2.05761
2.16782
2.27798
2.38813
2.49828
2.6085
2.71881
2.82928
2.93996
3.05092
3.16224
3.274
3.38629
3.49923
3.61293
3.72752
3.84315
3.95997
4.07816
4.19792
4.31945
4.443
4.56881
4.69718
4.8284
4.96283
5.10083
5.24282
5.38925
5.54063
5.69749
5.86046
6.03019
6.20744
6.39303
6.58788
6.793
7.00954
7.23879
7.48219
7.74137
8.01818
8.31475
8.63349
8.97721
9.34919
9.75325
10.1939
10.6767
11.2081
11.7963
12.4513
13.1862
14.0177
14.9682
16.0686
17.3625
18.9145
20.8236
23.2484
26.4551
30.9109
0
0
0
0
0
0
0
0
0
0
0
0
0
0
0
0
0
0
0
0
0
0
0
0
0
0
0
0
0
0
0
0
0
0
0
0
0
0
0
0
0
0
0
0
0
0
0
0
0
0
0
0
0
0
0
0
0
0
0
0
0
0
0
0
0
0
0
0
0
0
0
0
0
0
0
0
0
0
0
0
)
;
    }
    frontAndBack
    {
        type            empty;
    }
}


// ************************************************************************* //
