/*--------------------------------*- C++ -*----------------------------------*\
  =========                 |
  \\      /  F ield         | OpenFOAM: The Open Source CFD Toolbox
   \\    /   O peration     | Website:  https://openfoam.org
    \\  /    A nd           | Version:  10
     \\/     M anipulation  |
\*---------------------------------------------------------------------------*/
FoamFile
{
    format      ascii;
    class       volScalarField;
    location    "0.1";
    object      T;
}
// * * * * * * * * * * * * * * * * * * * * * * * * * * * * * * * * * * * * * //

dimensions      [0 0 0 1 0 0 0];

internalField   nonuniform List<scalar> 
6400
(
2.95034
2.94979
2.9487
2.94706
2.94485
2.94208
2.93872
2.93477
2.93022
2.92504
2.91922
2.91275
2.90561
2.89779
2.88927
2.88004
2.87009
2.85942
2.84802
2.83589
2.82303
2.80945
2.79515
2.78016
2.76449
2.74816
2.7312
2.71364
2.69552
2.67686
2.65773
2.63815
2.61819
2.59789
2.57731
2.5565
2.53553
2.51445
2.49332
2.47221
2.45117
2.43028
2.40958
2.38914
2.36901
2.34925
2.3299
2.31103
2.29267
2.27487
2.25766
2.24108
2.22516
2.20992
2.19539
2.18157
2.16849
2.15614
2.14453
2.13366
2.12352
2.11409
2.10537
2.09733
2.08997
2.08324
2.07713
2.07162
2.06667
2.06226
2.05835
2.05493
2.05196
2.04943
2.0473
2.04556
2.04419
2.04317
2.0425
2.04217
2.95149
2.95095
2.94986
2.94821
2.94601
2.94324
2.93988
2.93594
2.93138
2.92621
2.92039
2.91392
2.90679
2.89896
2.89044
2.88122
2.87127
2.86059
2.84919
2.83705
2.82419
2.8106
2.7963
2.7813
2.76562
2.74928
2.73231
2.71474
2.6966
2.67793
2.65878
2.63919
2.61921
2.59889
2.57829
2.55746
2.53647
2.51537
2.49422
2.47309
2.45203
2.43112
2.4104
2.38994
2.36979
2.35001
2.33065
2.31176
2.29339
2.27557
2.25835
2.24176
2.22583
2.21059
2.19604
2.18222
2.16913
2.15678
2.14517
2.13429
2.12415
2.11473
2.10601
2.09797
2.09061
2.08389
2.07778
2.07227
2.06733
2.06292
2.05902
2.05561
2.05264
2.05011
2.04799
2.04625
2.04488
2.04387
2.0432
2.04287
2.9538
2.95325
2.95216
2.95052
2.94832
2.94555
2.9422
2.93826
2.93371
2.92854
2.92273
2.91627
2.90913
2.90131
2.89279
2.88356
2.87361
2.86294
2.85153
2.83938
2.82651
2.81291
2.79859
2.78358
2.76788
2.75152
2.73452
2.71692
2.69876
2.68006
2.66088
2.64125
2.62124
2.60089
2.58025
2.55938
2.53835
2.51721
2.49602
2.47485
2.45375
2.4328
2.41204
2.39154
2.37136
2.35155
2.33215
2.31323
2.29483
2.27698
2.25974
2.24313
2.22717
2.21191
2.19735
2.18352
2.17042
2.15806
2.14644
2.13556
2.12542
2.11599
2.10728
2.09925
2.09189
2.08518
2.07908
2.07358
2.06865
2.06425
2.06036
2.05696
2.054
2.05148
2.04936
2.04764
2.04627
2.04527
2.0446
2.04427
2.95725
2.95671
2.95562
2.95398
2.95179
2.94902
2.94568
2.94175
2.93721
2.93204
2.92624
2.91978
2.91265
2.90483
2.89631
2.88708
2.87713
2.86645
2.85503
2.84288
2.82999
2.81637
2.80203
2.78699
2.77126
2.75487
2.73784
2.7202
2.702
2.68325
2.66402
2.64435
2.62428
2.60388
2.58318
2.56226
2.54117
2.51997
2.49872
2.47749
2.45633
2.43532
2.4145
2.39395
2.37371
2.35384
2.3344
2.31543
2.29699
2.2791
2.26182
2.24517
2.22919
2.21389
2.19931
2.18546
2.17234
2.15997
2.14835
2.13747
2.12732
2.1179
2.10918
2.10116
2.09382
2.08711
2.08103
2.07555
2.07063
2.06624
2.06237
2.05898
2.05604
2.05353
2.05143
2.04971
2.04836
2.04736
2.0467
2.04637
2.96185
2.96131
2.96023
2.9586
2.95641
2.95365
2.95032
2.94639
2.94186
2.93671
2.93091
2.92446
2.91734
2.90952
2.90101
2.89178
2.88182
2.87113
2.8597
2.84753
2.83462
2.82098
2.80662
2.79154
2.77578
2.75934
2.74227
2.72458
2.70631
2.68751
2.66822
2.64848
2.62834
2.60786
2.58709
2.56609
2.54492
2.52364
2.50231
2.481
2.45977
2.43868
2.41778
2.39715
2.37684
2.35691
2.3374
2.31837
2.29986
2.28192
2.26458
2.24789
2.23186
2.21654
2.20193
2.18805
2.17491
2.16252
2.15089
2.14
2.12985
2.12043
2.11172
2.10371
2.09638
2.08969
2.08363
2.07816
2.07326
2.0689
2.06505
2.06168
2.05876
2.05627
2.05418
2.05248
2.05114
2.05014
2.04949
2.04916
2.96761
2.96707
2.96599
2.96436
2.96218
2.95944
2.95611
2.9522
2.94768
2.94254
2.93675
2.93031
2.9232
2.91539
2.90688
2.89764
2.88768
2.87698
2.86554
2.85335
2.84042
2.82675
2.81235
2.79723
2.78142
2.76493
2.7478
2.73005
2.71171
2.69284
2.67346
2.65364
2.63342
2.61285
2.59198
2.57089
2.54962
2.52824
2.50681
2.48539
2.46406
2.44287
2.42188
2.40116
2.38076
2.36073
2.34114
2.32203
2.30344
2.28543
2.26804
2.25128
2.23521
2.21984
2.20519
2.19127
2.17811
2.16571
2.15406
2.14316
2.13301
2.12359
2.1149
2.1069
2.09958
2.09291
2.08687
2.08143
2.07655
2.07222
2.06839
2.06505
2.06215
2.05969
2.05762
2.05593
2.05461
2.05363
2.05298
2.05266
2.9745
2.97397
2.97289
2.97127
2.9691
2.96637
2.96306
2.95916
2.95466
2.94953
2.94376
2.93733
2.93022
2.92242
2.91391
2.90468
2.89471
2.88401
2.87255
2.86034
2.84738
2.83367
2.81923
2.80406
2.78819
2.77164
2.75444
2.73661
2.71819
2.69923
2.67976
2.65983
2.6395
2.61882
2.59785
2.57663
2.55524
2.53374
2.5122
2.49066
2.46921
2.4479
2.42679
2.40596
2.38544
2.36531
2.34562
2.32641
2.30774
2.28965
2.27217
2.25535
2.23922
2.22379
2.20909
2.19514
2.18195
2.16952
2.15785
2.14695
2.1368
2.12738
2.1187
2.11071
2.10341
2.09677
2.09076
2.08534
2.0805
2.0762
2.0724
2.06909
2.06623
2.06379
2.06175
2.06008
2.05877
2.05781
2.05717
2.05685
2.98254
2.98201
2.98094
2.97933
2.97717
2.97445
2.97116
2.96728
2.96279
2.95768
2.95193
2.94551
2.93842
2.93063
2.92212
2.91289
2.90292
2.8922
2.88072
2.86848
2.85549
2.84174
2.82725
2.81203
2.79609
2.77947
2.76218
2.74426
2.72575
2.70668
2.6871
2.66705
2.6466
2.62579
2.60468
2.58333
2.56181
2.54017
2.51848
2.4968
2.47521
2.45376
2.43252
2.41155
2.39091
2.37065
2.35084
2.33152
2.31275
2.29455
2.27699
2.26009
2.24388
2.22839
2.21364
2.19964
2.18641
2.17396
2.16227
2.15136
2.1412
2.1318
2.12312
2.11516
2.10788
2.10126
2.09528
2.0899
2.0851
2.08083
2.07708
2.0738
2.07097
2.06857
2.06656
2.06492
2.06363
2.06268
2.06205
2.06174
2.99172
2.99119
2.99013
2.98853
2.98639
2.98368
2.98041
2.97655
2.97208
2.96699
2.96126
2.95486
2.94778
2.94
2.9315
2.92227
2.91229
2.90155
2.89006
2.87779
2.86476
2.85096
2.83642
2.82113
2.80512
2.78841
2.77103
2.75301
2.73438
2.71519
2.69548
2.6753
2.65471
2.63375
2.61249
2.59099
2.5693
2.5475
2.52565
2.50381
2.48206
2.46045
2.43905
2.41793
2.39714
2.37674
2.3568
2.33735
2.31845
2.30015
2.28248
2.26549
2.2492
2.23364
2.21882
2.20478
2.19151
2.17902
2.16731
2.15639
2.14623
2.13683
2.12817
2.12023
2.11298
2.10639
2.10045
2.09511
2.09035
2.08613
2.08241
2.07918
2.07639
2.07403
2.07205
2.07044
2.06918
2.06825
2.06764
2.06733
3.00203
3.0015
3.00045
2.99887
2.99674
2.99406
2.9908
2.98697
2.98252
2.97745
2.97174
2.96536
2.9583
2.95053
2.94204
2.93281
2.92283
2.91208
2.90056
2.88826
2.87518
2.86134
2.84673
2.83137
2.81527
2.79847
2.78098
2.76284
2.74409
2.72476
2.70491
2.68458
2.66383
2.6427
2.62127
2.59959
2.57773
2.55574
2.53371
2.51169
2.48975
2.46796
2.44639
2.4251
2.40414
2.38358
2.36348
2.34389
2.32486
2.30643
2.28865
2.27155
2.25517
2.23952
2.22464
2.21053
2.19722
2.1847
2.17297
2.16203
2.15187
2.14248
2.13383
2.12592
2.1187
2.11215
2.10625
2.10096
2.09624
2.09207
2.08841
2.08523
2.08249
2.08016
2.07823
2.07665
2.07542
2.07451
2.07391
2.07361
3.01347
3.01295
3.01191
3.01034
3.00823
3.00557
3.00234
2.99853
2.99411
2.98907
2.98339
2.97703
2.96999
2.96223
2.95375
2.94452
2.93453
2.92377
2.91222
2.89989
2.88677
2.87286
2.85818
2.84274
2.82655
2.80964
2.79204
2.77377
2.75487
2.7354
2.71538
2.69488
2.67395
2.65264
2.63102
2.60914
2.58708
2.56489
2.54265
2.52043
2.49829
2.4763
2.45453
2.43304
2.4119
2.39117
2.3709
2.35114
2.33196
2.31339
2.29548
2.27826
2.26178
2.24604
2.23108
2.21691
2.20355
2.19099
2.17923
2.16828
2.15812
2.14874
2.14011
2.13222
2.12504
2.11854
2.11268
2.10745
2.10279
2.09867
2.09507
2.09194
2.08925
2.08698
2.08508
2.08355
2.08235
2.08146
2.08088
2.08059
3.02603
3.02552
3.02449
3.02294
3.02085
3.01821
3.01501
3.01123
3.00685
3.00184
2.99618
2.98985
2.98283
2.97509
2.96662
2.9574
2.9474
2.93662
2.92505
2.91268
2.89951
2.88554
2.87078
2.85525
2.83896
2.82193
2.80419
2.78578
2.76673
2.74709
2.7269
2.70621
2.68508
2.66357
2.64174
2.61964
2.59736
2.57494
2.55248
2.53003
2.50767
2.48546
2.46347
2.44177
2.42042
2.39949
2.37903
2.3591
2.33975
2.32102
2.30297
2.28563
2.26902
2.25319
2.23814
2.2239
2.21048
2.19788
2.1861
2.17513
2.16497
2.1556
2.147
2.13914
2.132
2.12555
2.11975
2.11457
2.10997
2.10592
2.10238
2.09931
2.09669
2.09447
2.09262
2.09113
2.08997
2.08911
2.08855
2.08827
3.03972
3.03921
3.0382
3.03666
3.0346
3.03199
3.02882
3.02507
3.02072
3.01575
3.01012
3.00383
2.99683
2.98912
2.98066
2.97143
2.96143
2.95064
2.93904
2.92662
2.9134
2.89936
2.88452
2.86889
2.85249
2.83533
2.81745
2.79889
2.77967
2.75984
2.73946
2.71856
2.69722
2.67548
2.65341
2.63108
2.60855
2.5859
2.56318
2.54049
2.51788
2.49542
2.4732
2.45126
2.42969
2.40854
2.38787
2.36775
2.34821
2.32932
2.31111
2.29363
2.2769
2.26096
2.24582
2.2315
2.21802
2.20537
2.19356
2.18258
2.17242
2.16306
2.15449
2.14666
2.13957
2.13317
2.12743
2.12232
2.11779
2.11381
2.11034
2.10735
2.10478
2.10263
2.10084
2.0994
2.09827
2.09745
2.0969
2.09664
3.05452
3.05402
3.05302
3.0515
3.04946
3.04689
3.04376
3.04005
3.03574
3.0308
3.02521
3.01895
3.01199
3.00429
2.99585
2.98663
2.97663
2.96581
2.95418
2.94173
2.92844
2.91433
2.89941
2.88367
2.86714
2.84985
2.83182
2.81308
2.79368
2.77365
2.75305
2.73194
2.71036
2.68838
2.66606
2.64346
2.62067
2.59775
2.57476
2.5518
2.52892
2.5062
2.48371
2.46152
2.43971
2.41832
2.39743
2.37709
2.35735
2.33828
2.3199
2.30226
2.2854
2.26934
2.2541
2.2397
2.22615
2.21346
2.20162
2.19062
2.18046
2.17112
2.16257
2.15479
2.14775
2.14141
2.13574
2.1307
2.12625
2.12235
2.11895
2.11604
2.11355
2.11146
2.10973
2.10834
2.10726
2.10647
2.10595
2.1057
3.07043
3.06993
3.06895
3.06746
3.06545
3.06291
3.05981
3.05615
3.05188
3.04699
3.04145
3.03522
3.02829
3.02062
3.0122
3.00299
2.99298
2.98215
2.97049
2.95799
2.94464
2.93046
2.91543
2.89958
2.88292
2.86548
2.84728
2.82836
2.80876
2.78852
2.76769
2.74633
2.7245
2.70225
2.67966
2.65678
2.6337
2.61049
2.58721
2.56395
2.54078
2.51778
2.49501
2.47254
2.45046
2.42882
2.40768
2.38711
2.36716
2.34788
2.32932
2.31152
2.29451
2.27832
2.26297
2.24848
2.23487
2.22212
2.21025
2.19924
2.18908
2.17976
2.17124
2.16351
2.15652
2.15025
2.14466
2.1397
2.13533
2.13152
2.12821
2.12538
2.12297
2.12096
2.1193
2.11797
2.11694
2.11619
2.11569
2.11545
3.08743
3.08695
3.08598
3.08451
3.08254
3.08004
3.07699
3.07337
3.06915
3.06431
3.05881
3.05263
3.04574
3.03811
3.0297
3.02051
3.01049
2.99965
2.98796
2.97541
2.962
2.94772
2.9326
2.91662
2.89982
2.88222
2.86384
2.84472
2.82491
2.80444
2.78336
2.76174
2.73963
2.7171
2.69421
2.67104
2.64765
2.62412
2.60053
2.57695
2.55347
2.53015
2.50708
2.48432
2.46194
2.44003
2.41863
2.39781
2.37763
2.35813
2.33938
2.3214
2.30423
2.2879
2.27244
2.25785
2.24416
2.23136
2.21945
2.20843
2.19828
2.18898
2.1805
2.17281
2.16589
2.15969
2.15418
2.14931
2.14504
2.14132
2.13812
2.13537
2.13306
2.13113
2.12955
2.12828
2.1273
2.12659
2.12613
2.1259
3.10553
3.10506
3.10411
3.10267
3.10073
3.09827
3.09527
3.0917
3.08754
3.08276
3.07731
3.07118
3.06433
3.05673
3.04836
3.03917
3.02916
3.0183
3.00658
2.99398
2.9805
2.96614
2.9509
2.9348
2.91785
2.90007
2.88151
2.86218
2.84213
2.82141
2.80007
2.77817
2.75577
2.73293
2.70972
2.68622
2.6625
2.63863
2.6147
2.59079
2.56696
2.54331
2.51991
2.49683
2.47415
2.45194
2.43026
2.40917
2.38874
2.36902
2.35005
2.33188
2.31454
2.29806
2.28248
2.26779
2.25402
2.24117
2.22922
2.21819
2.20804
2.19876
2.19032
2.1827
2.17585
2.16973
2.16431
2.15954
2.15537
2.15176
2.14866
2.14602
2.1438
2.14196
2.14046
2.13926
2.13835
2.13768
2.13725
2.13703
3.12471
3.12425
3.12332
3.12191
3.12001
3.1176
3.11466
3.11115
3.10705
3.10232
3.09694
3.09087
3.08407
3.07651
3.06816
3.05899
3.04898
3.03811
3.02635
3.0137
3.00015
2.9857
2.97035
2.95411
2.937
2.91904
2.90027
2.88071
2.86042
2.83943
2.81781
2.79561
2.77289
2.74973
2.72618
2.70233
2.67825
2.65402
2.62973
2.60545
2.58127
2.55726
2.53351
2.51009
2.48708
2.46455
2.44256
2.42119
2.40049
2.38052
2.36133
2.34295
2.32543
2.3088
2.29308
2.27829
2.26444
2.25152
2.23955
2.2285
2.21836
2.20911
2.20072
2.19315
2.18638
2.18035
2.17503
2.17037
2.16631
2.16282
2.15983
2.1573
2.15519
2.15345
2.15204
2.15093
2.15007
2.14946
2.14906
2.14886
3.14496
3.14451
3.14361
3.14224
3.14038
3.13803
3.13514
3.1317
3.12767
3.12301
3.11769
3.11168
3.10493
3.09742
3.08911
3.07996
3.06996
3.05907
3.04728
3.03458
3.02095
3.0064
2.99093
2.97454
2.95727
2.93912
2.92013
2.90033
2.87978
2.85851
2.83659
2.81406
2.79101
2.76749
2.74358
2.71936
2.6949
2.67029
2.64561
2.62094
2.59637
2.57199
2.54786
2.52407
2.50071
2.47784
2.45553
2.43386
2.41287
2.39264
2.3732
2.35461
2.3369
2.32011
2.30425
2.28934
2.2754
2.26242
2.25041
2.23935
2.22922
2.22
2.21166
2.20417
2.19748
2.19156
2.18635
2.1818
2.17787
2.1745
2.17164
2.16923
2.16724
2.16561
2.16429
2.16326
2.16248
2.16192
2.16155
2.16137
3.16628
3.16585
3.16497
3.16363
3.16183
3.15953
3.15671
3.15334
3.14938
3.1448
3.13956
3.13362
3.12693
3.11947
3.1112
3.10208
3.09208
3.08119
3.06937
3.05661
3.04291
3.02825
3.01265
2.99612
2.97866
2.9603
2.94108
2.92104
2.9002
2.87863
2.85639
2.83353
2.81012
2.78623
2.76193
2.73731
2.71245
2.68743
2.66233
2.63725
2.61227
2.58748
2.56295
2.53878
2.51504
2.49181
2.46916
2.44716
2.42587
2.40536
2.38567
2.36685
2.34893
2.33196
2.31595
2.30093
2.28689
2.27386
2.26181
2.25073
2.24062
2.23144
2.22316
2.21574
2.20915
2.20333
2.19824
2.19382
2.19003
2.18679
2.18407
2.1818
2.17993
2.17842
2.17721
2.17627
2.17556
2.17506
2.17474
2.17458
3.18866
3.18823
3.18738
3.18609
3.18434
3.18211
3.17936
3.17607
3.1722
3.1677
3.16254
3.15667
3.15006
3.14266
3.13443
3.12534
3.11536
3.10445
3.0926
3.07979
3.06601
3.05125
3.03551
3.01882
3.00117
2.9826
2.96314
2.94282
2.92169
2.89981
2.87722
2.854
2.83021
2.80592
2.78122
2.75618
2.73089
2.70543
2.67989
2.65437
2.62896
2.60373
2.57878
2.5542
2.53006
2.50644
2.48343
2.46108
2.43947
2.41866
2.3987
2.37964
2.36151
2.34435
2.32819
2.31304
2.29891
2.28581
2.27372
2.26264
2.25254
2.2434
2.23519
2.22786
2.22137
2.21567
2.21071
2.20643
2.20278
2.1997
2.19712
2.195
2.19327
2.19188
2.19079
2.18995
2.18933
2.18889
2.18861
2.18847
3.21207
3.21167
3.21085
3.2096
3.20791
3.20575
3.20309
3.19988
3.1961
3.19169
3.18662
3.18084
3.1743
3.16697
3.1588
3.14974
3.13978
3.12886
3.11699
3.10412
3.09026
3.07539
3.05952
3.04265
3.0248
3.00601
2.98629
2.96569
2.94425
2.92203
2.89908
2.87548
2.85128
2.82658
2.80144
2.77595
2.7502
2.72429
2.69829
2.6723
2.64642
2.62073
2.59534
2.57031
2.54575
2.52173
2.49833
2.47562
2.45367
2.43255
2.4123
2.39298
2.37462
2.35727
2.34095
2.32566
2.31144
2.29826
2.28614
2.27505
2.26498
2.25588
2.24774
2.24051
2.23413
2.22856
2.22374
2.21962
2.21613
2.21321
2.21079
2.20882
2.20724
2.206
2.20503
2.2043
2.20377
2.2034
2.20317
2.20305
3.23652
3.23613
3.23535
3.23416
3.23253
3.23045
3.22787
3.22476
3.22108
3.21677
3.2118
3.20612
3.19967
3.19241
3.18429
3.17528
3.16534
3.15443
3.14252
3.1296
3.11565
3.10067
3.08465
3.06761
3.04956
3.03053
3.01054
2.98964
2.96787
2.94529
2.92197
2.89796
2.87334
2.84819
2.82259
2.79663
2.7704
2.74399
2.7175
2.69102
2.66465
2.63848
2.61261
2.58712
2.56211
2.53766
2.51385
2.49076
2.46845
2.44699
2.42644
2.40685
2.38826
2.3707
2.3542
2.33878
2.32445
2.31121
2.29905
2.28796
2.27791
2.26887
2.26081
2.25368
2.24742
2.242
2.23733
2.23338
2.23006
2.22731
2.22507
2.22328
2.22186
2.22076
2.21993
2.21932
2.21889
2.21859
2.21841
2.21832
3.26199
3.26162
3.26087
3.25974
3.25818
3.25618
3.2537
3.2507
3.24713
3.24293
3.23808
3.2325
3.22614
3.21897
3.21092
3.20196
3.19204
3.18113
3.1692
3.15623
3.1422
3.1271
3.11093
3.09371
3.07544
3.05615
3.03588
3.01467
2.99255
2.9696
2.94587
2.92144
2.89637
2.87075
2.84467
2.81821
2.79147
2.76455
2.73754
2.71054
2.68365
2.65696
2.63059
2.60461
2.57913
2.55423
2.52998
2.50648
2.48379
2.46199
2.44112
2.42124
2.4024
2.38462
2.36795
2.35239
2.33795
2.32464
2.31244
2.30135
2.29133
2.28235
2.27438
2.26736
2.26124
2.25597
2.25147
2.2477
2.24456
2.24201
2.23996
2.23835
2.23711
2.23618
2.23549
2.23501
2.23468
2.23447
2.23434
2.23428
3.28846
3.28811
3.28741
3.28633
3.28486
3.28295
3.28058
3.27769
3.27424
3.27017
3.26543
3.25997
3.25372
3.24664
3.23867
3.22977
3.21988
3.20898
3.19703
3.184
3.16989
3.15467
3.13835
3.12093
3.10244
3.08289
3.06232
3.04078
3.0183
2.99496
2.9708
2.94592
2.92038
2.89427
2.86767
2.84069
2.81341
2.78594
2.75838
2.73083
2.70339
2.67617
2.64926
2.62277
2.59679
2.57141
2.54671
2.52278
2.49969
2.47751
2.45631
2.43613
2.41703
2.39903
2.38216
2.36645
2.35191
2.33852
2.32629
2.3152
2.30522
2.29631
2.28843
2.28153
2.27557
2.27046
2.26615
2.26257
2.25964
2.25729
2.25545
2.25404
2.25299
2.25223
2.25171
2.25137
2.25115
2.25102
2.25096
2.25093
3.31592
3.3156
3.31494
3.31393
3.31254
3.31074
3.30848
3.30572
3.3024
3.29847
3.29387
3.28853
3.28241
3.27543
3.26755
3.25871
3.24887
3.23798
3.22601
3.21293
3.19872
3.18338
3.1669
3.14929
3.13056
3.11074
3.08986
3.06797
3.04511
3.02135
2.99675
2.9714
2.94536
2.91873
2.89159
2.86406
2.83621
2.80817
2.78003
2.75189
2.72388
2.69609
2.66862
2.64159
2.61508
2.58919
2.56401
2.53963
2.51612
2.49356
2.472
2.45151
2.43213
2.41389
2.39683
2.38097
2.36631
2.35285
2.34059
2.3295
2.31956
2.31073
2.30296
2.2962
2.29039
2.28547
2.28136
2.27799
2.27528
2.27315
2.27153
2.27034
2.26949
2.26893
2.26858
2.26839
2.26829
2.26826
2.26826
2.26827
3.34437
3.34407
3.34346
3.34252
3.34123
3.33954
3.3374
3.33478
3.33161
3.32783
3.32337
3.31818
3.31219
3.30533
3.29754
3.28878
3.27898
3.26811
3.25613
3.243
3.22871
3.21324
3.1966
3.17878
3.1598
3.1397
3.11849
3.09624
3.07298
3.04879
3.02372
2.99787
2.97131
2.94413
2.91643
2.88831
2.85987
2.83122
2.80246
2.77372
2.7451
2.71671
2.68866
2.66105
2.63399
2.60757
2.58189
2.55703
2.53308
2.51011
2.48818
2.46736
2.44769
2.4292
2.41194
2.39592
2.38114
2.36761
2.35532
2.34424
2.33435
2.3256
2.31795
2.31134
2.3057
2.30098
2.29708
2.29394
2.29147
2.28959
2.28821
2.28725
2.28663
2.28627
2.28611
2.28607
2.28611
2.28619
2.28626
2.2863
3.37377
3.3735
3.37294
3.37208
3.37089
3.36932
3.36733
3.36486
3.36185
3.35823
3.35394
3.3489
3.34305
3.33632
3.32865
3.31997
3.31023
3.29939
3.28739
3.27422
3.25984
3.24425
3.22744
3.2094
3.19017
3.16977
3.14823
3.12559
3.10191
3.07726
3.05171
3.02534
2.99822
2.97047
2.94217
2.91344
2.88437
2.85508
2.82569
2.79631
2.76705
2.73802
2.70935
2.68114
2.6535
2.62652
2.60031
2.57495
2.55053
2.52714
2.50482
2.48365
2.46368
2.44494
2.42747
2.41128
2.39638
2.38278
2.37046
2.35939
2.34955
2.3409
2.33338
2.32693
2.32149
2.31698
2.31332
2.31042
2.30821
2.30659
2.30547
2.30476
2.30438
2.30424
2.30428
2.30442
2.30461
2.30479
2.30494
2.30502
3.40411
3.40387
3.40338
3.40261
3.40153
3.40009
3.39825
3.39595
3.39311
3.38967
3.38556
3.38069
3.37501
3.36842
3.36087
3.35228
3.34261
3.3318
3.3198
3.30659
3.29212
3.2764
3.25941
3.24116
3.22167
3.20095
3.17906
3.15602
3.13191
3.10678
3.08071
3.05379
3.0261
2.99775
2.96882
2.93944
2.90972
2.87976
2.84969
2.81963
2.7897
2.76002
2.7307
2.70185
2.67359
2.64603
2.61926
2.59338
2.56848
2.54463
2.52191
2.50038
2.48009
2.46108
2.44339
2.42703
2.41201
2.39834
2.38599
2.37494
2.36517
2.35662
2.34924
2.34297
2.33773
2.33345
2.33004
2.32742
2.32548
2.32414
2.3233
2.32287
2.32275
2.32285
2.32311
2.32344
2.32378
2.32409
2.32431
2.32443
3.43539
3.43518
3.43475
3.43407
3.43311
3.43183
3.43015
3.42803
3.42539
3.42214
3.41822
3.41355
3.40804
3.40161
3.39419
3.38572
3.37613
3.36535
3.35336
3.3401
3.32556
3.3097
3.29254
3.27406
3.25429
3.23325
3.21099
3.18754
3.16296
3.13734
3.11073
3.08324
3.05494
3.02595
2.99637
2.96632
2.9359
2.90524
2.87446
2.8437
2.81306
2.78268
2.75267
2.72316
2.69427
2.66609
2.63873
2.61231
2.58689
2.56257
2.53943
2.51752
2.4969
2.47761
2.45969
2.44315
2.42801
2.41426
2.40189
2.39087
2.38117
2.37274
2.36551
2.35943
2.35442
2.35039
2.34726
2.34492
2.34329
2.34225
2.34171
2.34157
2.34173
2.3421
2.34259
2.34312
2.34363
2.34407
2.34438
2.34454
3.46757
3.46739
3.46703
3.46646
3.46564
3.46451
3.46302
3.46109
3.45866
3.45563
3.45193
3.44746
3.44214
3.43589
3.42862
3.42027
3.41077
3.40005
3.38806
3.37477
3.36014
3.34416
3.32681
3.3081
3.28804
3.26667
3.24402
3.22014
3.19508
3.16893
3.14177
3.11367
3.08474
3.05509
3.02482
2.99405
2.96291
2.93151
2.89999
2.86848
2.83711
2.806
2.77527
2.74507
2.7155
2.68667
2.65871
2.6317
2.60575
2.58094
2.55735
2.53505
2.51409
2.49451
2.47635
2.45963
2.44436
2.43054
2.41815
2.40716
2.39754
2.38923
2.38218
2.37631
2.37154
2.36778
2.36494
2.36292
2.36161
2.3609
2.36069
2.36086
2.36133
2.36197
2.36271
2.36347
2.36416
2.36474
2.36514
2.36536
3.50063
3.5005
3.50022
3.49976
3.49908
3.49813
3.49684
3.49513
3.49292
3.49013
3.48665
3.48241
3.47731
3.47125
3.46416
3.45594
3.44654
3.43588
3.42391
3.41059
3.39588
3.37976
3.36222
3.34327
3.32292
3.3012
3.27815
3.25382
3.22827
3.20157
3.17381
3.14509
3.1155
3.08515
3.05415
3.02264
2.99074
2.95857
2.92628
2.89398
2.86183
2.82995
2.79848
2.76754
2.73727
2.70777
2.67916
2.65155
2.62504
2.59972
2.57566
2.55295
2.53163
2.51174
2.49334
2.47643
2.46104
2.44714
2.43474
2.42379
2.41426
2.40609
2.39922
2.39358
2.38907
2.38561
2.38309
2.3814
2.38044
2.38008
2.38022
2.38074
2.38153
2.38248
2.38349
2.38448
2.38537
2.3861
2.38661
2.38687
3.53457
3.53448
3.53428
3.53395
3.53343
3.53266
3.53159
3.53011
3.52815
3.52562
3.5224
3.51841
3.51354
3.50769
3.50078
3.49272
3.48344
3.47285
3.4609
3.44756
3.43277
3.41652
3.39879
3.3796
3.35894
3.33686
3.31339
3.28859
3.26251
3.23524
3.20687
3.17749
3.1472
3.11612
3.08438
3.05209
3.01939
2.98641
2.9533
2.92019
2.88722
2.85454
2.82228
2.79058
2.75956
2.72935
2.70007
2.67183
2.64474
2.61888
2.59434
2.57119
2.54949
2.5293
2.51064
2.49354
2.47801
2.46405
2.45163
2.44073
2.4313
2.42329
2.41662
2.41122
2.407
2.40385
2.40168
2.40035
2.39977
2.39979
2.40031
2.4012
2.40234
2.40361
2.40492
2.40616
2.40727
2.40815
2.40878
2.4091
3.56935
3.56931
3.5692
3.569
3.56865
3.5681
3.56725
3.56604
3.56435
3.56209
3.55916
3.55543
3.55082
3.54521
3.53851
3.53062
3.52146
3.51096
3.49905
3.48568
3.47082
3.45443
3.43652
3.41706
3.3961
3.37364
3.34974
3.32444
3.29782
3.26996
3.24094
3.21087
3.17986
3.14802
3.11548
3.08238
3.04884
3.01502
2.98105
2.94708
2.91327
2.87974
2.84666
2.81415
2.78236
2.75141
2.72143
2.69253
2.66482
2.6384
2.61335
2.58975
2.56767
2.54715
2.52823
2.51093
2.49527
2.48124
2.46881
2.45797
2.44865
2.44081
2.43436
2.42923
2.42531
2.42251
2.4207
2.41977
2.41958
2.42002
2.42095
2.42223
2.42375
2.42537
2.427
2.42852
2.42985
2.43091
2.43165
2.43203
3.60495
3.60496
3.60495
3.6049
3.60474
3.60441
3.60382
3.60289
3.6015
3.59954
3.59691
3.59348
3.58915
3.5838
3.57732
3.56962
3.56061
3.55021
3.53834
3.52496
3.51003
3.49351
3.4754
3.45569
3.43439
3.41155
3.38719
3.36139
3.3342
3.30572
3.27603
3.24524
3.21347
3.18083
3.14746
3.1135
3.07909
3.04438
3.00952
2.97466
2.93995
2.90555
2.8716
2.83825
2.80565
2.77392
2.74321
2.71361
2.68526
2.65825
2.63268
2.60861
2.58613
2.56527
2.54607
2.52857
2.51278
2.49868
2.48625
2.47547
2.46628
2.45862
2.45241
2.44757
2.44398
2.44155
2.44014
2.43963
2.43988
2.44076
2.44212
2.44383
2.44576
2.44776
2.44973
2.45154
2.45312
2.45437
2.45525
2.45569
3.64135
3.64141
3.64151
3.64162
3.64166
3.64158
3.64127
3.64064
3.63957
3.63795
3.63565
3.63255
3.62852
3.62345
3.61723
3.60974
3.60089
3.5906
3.57879
3.56541
3.55041
3.53376
3.51544
3.49546
3.47383
3.45059
3.42577
3.39943
3.37165
3.34252
3.31213
3.28059
3.24802
3.21455
3.18032
3.14547
3.11014
3.0745
3.0387
3.0029
2.96726
2.93193
2.89708
2.86286
2.82941
2.79687
2.76538
2.73507
2.70605
2.67843
2.6523
2.62774
2.60483
2.58362
2.56415
2.54644
2.53051
2.51634
2.50392
2.49322
2.48417
2.47671
2.47076
2.46622
2.463
2.46096
2.45998
2.45992
2.46064
2.462
2.46383
2.466
2.46836
2.47078
2.47311
2.47525
2.47709
2.47855
2.47956
2.48007
3.67852
3.67864
3.67886
3.67914
3.67941
3.67959
3.67959
3.67929
3.67857
3.67731
3.67537
3.67262
3.66893
3.66417
3.65822
3.65096
3.64229
3.63213
3.62039
3.60702
3.59195
3.57517
3.55665
3.5364
3.51443
3.49076
3.46546
3.43857
3.41018
3.38037
3.34924
3.31692
3.28352
3.24918
3.21404
3.17825
3.14197
3.10536
3.06858
3.0318
2.99518
2.95889
2.9231
2.88795
2.85361
2.82023
2.78793
2.75687
2.72715
2.69888
2.67218
2.64712
2.62377
2.60219
2.58243
2.56451
2.54844
2.53421
2.5218
2.51118
2.50228
2.49505
2.48938
2.48518
2.48234
2.48072
2.4802
2.48063
2.48186
2.48372
2.48607
2.48874
2.49157
2.49442
2.49715
2.49963
2.50176
2.50344
2.5046
2.50519
3.71643
3.71662
3.71697
3.71743
3.71795
3.71842
3.71875
3.71881
3.71847
3.71761
3.71606
3.7137
3.71037
3.70595
3.70029
3.69329
3.68483
3.67481
3.66316
3.64979
3.63467
3.61776
3.59904
3.57851
3.55618
3.53208
3.50627
3.47881
3.44977
3.41926
3.38737
3.35423
3.31996
3.28471
3.24863
3.21186
3.17458
3.13695
3.09915
3.06134
3.0237
2.9864
2.94962
2.91351
2.87825
2.84397
2.81084
2.77898
2.74853
2.7196
2.6923
2.66671
2.6429
2.62095
2.60089
2.58275
2.56654
2.55225
2.53986
2.52933
2.52061
2.51361
2.50824
2.5044
2.50198
2.50082
2.5008
2.50176
2.50352
2.50594
2.50883
2.51203
2.51537
2.51869
2.52185
2.5247
2.52714
2.52906
2.53038
2.53105
3.75505
3.75531
3.7558
3.75647
3.75725
3.75804
3.75873
3.75918
3.75927
3.75882
3.75771
3.75576
3.75283
3.74878
3.74345
3.73673
3.72849
3.71864
3.70708
3.69374
3.67858
3.66154
3.64261
3.62179
3.59909
3.57455
3.54821
3.52015
3.49045
3.4592
3.42652
3.39252
3.35735
3.32115
3.28407
3.24629
3.20796
3.16927
3.13039
3.09151
3.05281
3.01445
2.97664
2.93952
2.90329
2.86809
2.83407
2.80139
2.77018
2.74055
2.71262
2.68648
2.66221
2.63986
2.61949
2.60112
2.58477
2.57043
2.55807
2.54765
2.53911
2.53236
2.52733
2.52388
2.5219
2.52124
2.52175
2.52327
2.52562
2.52862
2.5321
2.53587
2.53976
2.54359
2.54721
2.55046
2.55323
2.55541
2.5569
2.55767
3.79436
3.79469
3.79534
3.79623
3.7973
3.79844
3.79951
3.8004
3.80093
3.80095
3.8003
3.79881
3.79632
3.79266
3.78769
3.78128
3.77329
3.76362
3.75218
3.73888
3.72366
3.7065
3.68736
3.66625
3.64317
3.61817
3.59129
3.56261
3.53221
3.5002
3.46668
3.43179
3.39567
3.35848
3.32037
3.28152
3.2421
3.2023
3.16231
3.1223
3.08248
3.04302
3.00413
2.96596
2.92871
2.89254
2.85761
2.82407
2.79206
2.76171
2.73313
2.70641
2.68164
2.65889
2.6382
2.6196
2.60311
2.58872
2.57639
2.56609
2.55775
2.55129
2.54661
2.54358
2.54208
2.54195
2.54303
2.54516
2.54813
2.55177
2.55588
2.56026
2.56474
2.56912
2.57323
2.57692
2.58005
2.5825
2.58419
2.58504
3.83431
3.83473
3.83554
3.83668
3.83806
3.83957
3.84108
3.84242
3.84345
3.84398
3.84383
3.84283
3.84081
3.83759
3.83302
3.82694
3.81923
3.80976
3.79845
3.78519
3.76995
3.75266
3.73331
3.71189
3.68843
3.66295
3.63551
3.60618
3.57506
3.54225
3.50786
3.47204
3.43494
3.39671
3.35752
3.31756
3.277
3.23604
3.19487
3.15369
3.1127
3.0721
3.03207
2.99281
2.9545
2.91732
2.88143
2.84699
2.81415
2.78304
2.75378
2.72646
2.70118
2.67801
2.65699
2.63816
2.62152
2.60708
2.5948
2.58463
2.57652
2.57036
2.56606
2.56348
2.5625
2.56294
2.56464
2.5674
2.57105
2.57537
2.58016
2.58521
2.59031
2.59528
2.59993
2.60409
2.6076
2.61035
2.61224
2.6132
3.87488
3.87539
3.87639
3.87779
3.87951
3.88143
3.8834
3.88525
3.8868
3.88788
3.88828
3.88782
3.88631
3.88357
3.87942
3.87371
3.8663
3.85706
3.8459
3.83271
3.81743
3.80003
3.78046
3.75874
3.73487
3.7089
3.68088
3.65088
3.619
3.58536
3.55007
3.51328
3.47515
3.43584
3.39552
3.35439
3.31264
3.27047
3.22808
3.18567
3.14346
3.10166
3.06045
3.02004
2.98063
2.94239
2.9055
2.87012
2.83641
2.80451
2.77454
2.7466
2.7208
2.69718
2.67583
2.65675
2.63997
2.62549
2.61326
2.60324
2.59537
2.58954
2.58565
2.58356
2.58312
2.58418
2.58653
2.59
2.59436
2.59941
2.60493
2.61069
2.61648
2.62209
2.62731
2.63197
2.6359
2.63897
2.64108
2.64215
3.91603
3.91664
3.91783
3.91952
3.92162
3.92398
3.92645
3.92884
3.93098
3.93265
3.93365
3.93377
3.93282
3.93059
3.9269
3.9216
3.91452
3.90554
3.89453
3.88142
3.86613
3.84861
3.82883
3.80679
3.78251
3.75603
3.7274
3.69671
3.66405
3.62953
3.5933
3.5555
3.5163
3.47585
3.43436
3.39202
3.34902
3.30558
3.26191
3.21823
3.17475
3.13168
3.08924
3.04764
3.00706
2.96772
2.92979
2.89343
2.85882
2.82609
2.79538
2.7668
2.74044
2.71638
2.69467
2.67534
2.65842
2.6439
2.63174
2.62188
2.61427
2.6088
2.60535
2.60378
2.60394
2.60564
2.6087
2.61291
2.61805
2.62389
2.63019
2.63672
2.64324
2.64953
2.65537
2.66057
2.66496
2.66838
2.67072
2.67192
3.95771
3.95843
3.95984
3.96184
3.96434
3.96719
3.9702
3.97319
3.97596
3.97828
3.97992
3.98067
3.98032
3.97865
3.97547
3.9706
3.96389
3.95518
3.94437
3.93135
3.91605
3.89842
3.87842
3.85606
3.83136
3.80435
3.77509
3.74367
3.7102
3.67478
3.63757
3.59871
3.55838
3.51676
3.47404
3.43043
3.38613
3.34137
3.29637
3.25135
3.20653
3.16215
3.11843
3.07557
3.03379
2.99329
2.95427
2.91689
2.88134
2.84775
2.81627
2.78702
2.76008
2.73555
2.71348
2.6939
2.67684
2.66228
2.65019
2.64052
2.63319
2.6281
2.62512
2.62411
2.62491
2.62731
2.63113
2.63614
2.64211
2.64879
2.65593
2.66328
2.67059
2.67762
2.68413
2.68991
2.69478
2.69858
2.70119
2.70251
3.99988
4.00073
4.00237
4.00472
4.00766
4.01103
4.01463
4.01827
4.02172
4.02474
4.02708
4.02852
4.02882
4.02775
4.02512
4.02073
4.01441
4.00602
3.99541
3.9825
3.9672
3.94946
3.92925
3.90657
3.88142
3.85386
3.82396
3.79179
3.75746
3.72111
3.68287
3.64291
3.60142
3.55856
3.51456
3.46962
3.42397
3.37783
3.33143
3.28501
3.23881
3.19305
3.14798
3.10382
3.06078
3.01908
2.97892
2.94048
2.90394
2.86945
2.83717
2.80721
2.77968
2.75467
2.73222
2.71238
2.69518
2.68059
2.66859
2.65911
2.65209
2.64741
2.64494
2.64453
2.646
2.64916
2.65379
2.65966
2.66651
2.67409
2.68214
2.69037
2.69853
2.70635
2.71359
2.72
2.7254
2.72961
2.73249
2.73395
4.04251
4.04348
4.04538
4.0481
4.05152
4.05546
4.05972
4.06406
4.06825
4.07202
4.07512
4.0773
4.07831
4.0779
4.07586
4.07199
4.0661
4.05804
4.04767
4.03489
4.0196
4.00176
3.98133
3.95831
3.93272
3.90459
3.87401
3.84106
3.80585
3.76852
3.72921
3.68811
3.64539
3.60125
3.55591
3.50959
3.46252
3.41493
3.36708
3.3192
3.27155
3.22436
3.17789
3.13236
3.088
3.04505
3.00369
2.96414
2.92657
2.89116
2.85804
2.82735
2.79921
2.77368
2.75085
2.73075
2.7134
2.69879
2.68688
2.67763
2.67094
2.6667
2.66477
2.665
2.6672
2.67116
2.67666
2.68344
2.69125
2.6998
2.70881
2.718
2.72707
2.73575
2.74376
2.75086
2.75682
2.76147
2.76465
2.76627
4.08554
4.08665
4.08883
4.09196
4.0959
4.10046
4.10542
4.11053
4.11551
4.12011
4.12404
4.12702
4.12879
4.12909
4.12769
4.12438
4.11896
4.11127
4.10116
4.08852
4.07327
4.05533
4.03468
4.01132
3.98526
3.95655
3.92526
3.8915
3.85537
3.81702
3.7766
3.7343
3.69031
3.64483
3.59809
3.55033
3.50177
3.45268
3.40331
3.35391
3.30474
3.25606
3.20812
3.16116
3.11544
3.07117
3.02857
2.98786
2.94922
2.91283
2.87884
2.8474
2.8186
2.79256
2.76932
2.74895
2.73145
2.71683
2.70504
2.69602
2.68968
2.68592
2.68458
2.68549
2.68847
2.69329
2.69971
2.70748
2.7163
2.72589
2.73595
2.74616
2.75621
2.76581
2.77466
2.78249
2.78908
2.7942
2.79771
2.79949
4.12892
4.13019
4.13267
4.13625
4.14076
4.14599
4.15171
4.15765
4.16351
4.16899
4.17381
4.17766
4.18025
4.18132
4.18062
4.17792
4.17301
4.16572
4.1559
4.14342
4.1282
4.11018
4.08931
4.06559
4.03906
4.00974
3.97773
3.94312
3.90603
3.86662
3.82504
3.78149
3.73617
3.6893
3.6411
3.59183
3.54173
3.49107
3.44011
3.38912
3.33837
3.28812
3.23865
3.19021
3.14305
3.09741
3.05352
3.01159
2.97184
2.93443
2.89954
2.8673
2.83784
2.81125
2.7876
2.76695
2.74931
2.73467
2.723
2.71424
2.70829
2.70503
2.70432
2.70596
2.70977
2.71551
2.72293
2.73174
2.74165
2.75236
2.76353
2.77484
2.78595
2.79654
2.8063
2.81493
2.82218
2.82781
2.83167
2.83364
4.1726
4.17403
4.17685
4.18091
4.18604
4.19201
4.19856
4.2054
4.2122
4.21865
4.22443
4.22921
4.2327
4.2346
4.23465
4.2326
4.22825
4.2214
4.21189
4.1996
4.18443
4.16632
4.14524
4.12116
4.09413
4.06419
4.03142
3.99593
3.95785
3.91733
3.87455
3.8297
3.78299
3.73466
3.68494
3.63409
3.58238
3.53008
3.47746
3.42481
3.3724
3.32053
3.26946
3.21946
3.1708
3.12373
3.07849
3.03531
2.99439
2.95592
2.92008
2.88702
2.85686
2.82971
2.80564
2.7847
2.76691
2.75227
2.74074
2.73226
2.72672
2.724
2.72395
2.72638
2.73108
2.7378
2.74627
2.75621
2.76729
2.77919
2.79156
2.80405
2.8163
2.82796
2.83869
2.84818
2.85615
2.86235
2.86659
2.86875
4.21651
4.21813
4.22131
4.2259
4.23171
4.23849
4.24594
4.25375
4.26158
4.26907
4.27589
4.28169
4.28614
4.28893
4.28979
4.28845
4.2847
4.27832
4.26916
4.25708
4.24198
4.22379
4.20248
4.17804
4.1505
4.11991
4.08636
4.04995
4.01084
3.96916
3.92512
3.87891
3.83076
3.7809
3.7296
3.67711
3.62371
3.5697
3.51535
3.46096
3.40683
3.35326
3.30052
3.2489
3.19868
3.15012
3.10346
3.05896
3.01682
2.97725
2.94043
2.90651
2.87563
2.84789
2.82338
2.80214
2.78421
2.76958
2.7582
2.75001
2.74492
2.74278
2.74344
2.74671
2.75235
2.76011
2.76972
2.78085
2.79319
2.80637
2.82002
2.83378
2.84726
2.86007
2.87186
2.88228
2.89103
2.89783
2.90249
2.90485
4.2606
4.26242
4.266
4.27117
4.27772
4.28537
4.2938
4.30268
4.31161
4.32024
4.32818
4.33507
4.34056
4.34432
4.34605
4.34548
4.34236
4.3365
4.32772
4.31587
4.30085
4.28259
4.26106
4.23625
4.20818
4.17692
4.14255
4.1052
4.065
4.02213
3.97677
3.92915
3.87949
3.82804
3.77508
3.72088
3.66572
3.60992
3.55376
3.49757
3.44164
3.38628
3.3318
3.27849
3.22664
3.17652
3.1284
3.08252
3.03911
2.99839
2.96054
2.92573
2.89409
2.86575
2.84078
2.81924
2.80116
2.78654
2.77533
2.76746
2.76284
2.76133
2.76275
2.7669
2.77355
2.78243
2.79324
2.80565
2.81933
2.83388
2.84891
2.86404
2.87883
2.89289
2.90582
2.91725
2.92683
2.9343
2.93941
2.942
4.30479
4.30684
4.31085
4.31666
4.32401
4.33262
4.34212
4.35215
4.36229
4.37214
4.38129
4.38936
4.39597
4.40077
4.40343
4.40369
4.40127
4.39596
4.38759
4.376
4.36108
4.34276
4.321
4.2958
4.2672
4.23524
4.20003
4.16169
4.12036
4.07624
4.02951
3.98041
3.92918
3.87608
3.82138
3.76539
3.7084
3.65073
3.59269
3.53461
3.4768
3.41959
3.36329
3.30821
3.25465
3.20291
3.15325
3.10593
3.0612
3.01928
2.98036
2.94462
2.9122
2.88322
2.85778
2.83593
2.81771
2.8031
2.79208
2.78456
2.78044
2.77959
2.78181
2.78691
2.79464
2.8047
2.8168
2.83058
2.84568
2.8617
2.87822
2.89481
2.91102
2.92642
2.94059
2.9531
2.96361
2.97179
2.97739
2.98023
4.34903
4.35132
4.35581
4.3623
4.37054
4.38019
4.39086
4.40213
4.41358
4.42475
4.43522
4.44456
4.45237
4.45828
4.46196
4.4631
4.46143
4.45673
4.4488
4.43749
4.42268
4.40431
4.38233
4.35674
4.32757
4.29489
4.2588
4.21943
4.17694
4.13151
4.08335
4.03271
3.97984
3.92501
3.86851
3.81065
3.75175
3.69213
3.63212
3.57206
3.51229
3.45314
3.39494
3.33802
3.28269
3.22924
3.17798
3.12917
3.08306
3.03988
2.99984
2.96313
2.9299
2.90027
2.87433
2.85217
2.83379
2.81921
2.80839
2.80124
2.79767
2.79751
2.8006
2.8067
2.81557
2.8269
2.84037
2.85561
2.87224
2.88983
2.90794
2.9261
2.94384
2.96069
2.97619
2.98989
3.00139
3.01034
3.01648
3.01959
4.39321
4.39577
4.40079
4.40804
4.41725
4.42803
4.43997
4.4526
4.46546
4.47807
4.48995
4.50066
4.50977
4.51688
4.52165
4.52374
4.52287
4.51881
4.51136
4.50036
4.48569
4.46727
4.44506
4.41907
4.38932
4.3559
4.31889
4.27845
4.23474
4.18795
4.13831
4.08606
4.03147
3.97484
3.91646
3.85665
3.79575
3.73409
3.67203
3.60991
3.54809
3.48692
3.42674
3.36789
3.3107
3.25549
3.20255
3.15218
3.10463
3.06014
3.01894
2.98122
2.94713
2.91682
2.89038
2.86788
2.84936
2.83482
2.82421
2.81746
2.81446
2.81505
2.81905
2.82622
2.8363
2.84898
2.86391
2.88071
2.89897
2.91824
2.93805
2.95791
2.9773
2.99571
3.01265
3.02763
3.04021
3.05002
3.05673
3.06014
4.43728
4.44013
4.44572
4.45381
4.46407
4.47609
4.48941
4.50353
4.51792
4.53208
4.54549
4.55767
4.56817
4.57658
4.5825
4.58561
4.58561
4.58225
4.57532
4.56465
4.55013
4.53167
4.50924
4.48283
4.45248
4.41828
4.38033
4.33877
4.29379
4.24558
4.19439
4.14047
4.08409
4.02557
3.96523
3.90338
3.8404
3.77662
3.71241
3.64815
3.58419
3.5209
3.45865
3.39779
3.33867
3.28161
3.22692
3.17491
3.12586
3.08001
3.0376
2.99882
2.96385
2.93283
2.90587
2.88303
2.86436
2.84985
2.83948
2.83315
2.83076
2.83215
2.83712
2.84543
2.85679
2.8709
2.88739
2.90585
2.92585
2.94692
2.96855
2.99023
3.01139
3.03149
3.05
3.06637
3.08013
3.09085
3.09821
3.10194
4.48112
4.4843
4.49052
4.49953
4.51095
4.52433
4.53915
4.55488
4.57093
4.58676
4.60182
4.61559
4.62759
4.63738
4.64455
4.64875
4.64967
4.64706
4.64069
4.63038
4.61603
4.59754
4.57488
4.54804
4.51708
4.48207
4.44313
4.40041
4.35411
4.30442
4.25161
4.19594
4.1377
4.07722
4.01482
3.95085
3.88569
3.81969
3.75325
3.68674
3.62055
3.55506
3.49065
3.42769
3.36654
3.30755
3.25105
3.19734
3.14671
3.09944
3.05576
3.01589
2.98
2.94824
2.92073
2.89754
2.87871
2.86426
2.85413
2.84826
2.84652
2.84875
2.85474
2.86425
2.87699
2.89262
2.91076
2.93099
2.95285
2.97584
2.99943
3.02306
3.04613
3.06806
3.08826
3.10614
3.12118
3.13292
3.14096
3.14506
4.52465
4.52819
4.53511
4.54512
4.55781
4.57268
4.58915
4.60662
4.62448
4.64212
4.65895
4.67443
4.68803
4.6993
4.7078
4.71318
4.71509
4.71327
4.7075
4.69759
4.68343
4.66491
4.64202
4.61475
4.58314
4.5473
4.50733
4.4634
4.41571
4.36449
4.30999
4.25249
4.19231
4.12978
4.06524
3.99906
3.93162
3.86331
3.79453
3.72567
3.65715
3.58936
3.5227
3.45755
3.39429
3.33329
3.27488
3.21939
3.16713
3.11837
3.07338
3.03236
2.9955
2.96298
2.9349
2.91134
2.89236
2.87797
2.86811
2.86271
2.86166
2.86478
2.87187
2.88265
2.89684
2.91408
2.93398
2.95609
2.97994
3.00499
3.03067
3.0564
3.08153
3.10544
3.12746
3.14699
3.16343
3.17627
3.18508
3.18956
4.56775
4.57169
4.57938
4.59051
4.6046
4.62109
4.63935
4.65872
4.67853
4.69813
4.71687
4.73419
4.74951
4.76237
4.7723
4.77892
4.78188
4.78092
4.77579
4.76631
4.75235
4.73383
4.7107
4.68297
4.6507
4.61399
4.57295
4.52776
4.47863
4.4258
4.36954
4.31014
4.24793
4.18325
4.11648
4.04799
3.97818
3.90745
3.83623
3.76494
3.69398
3.62379
3.55477
3.48734
3.42188
3.35877
3.29837
3.24103
3.18706
3.13676
3.09038
3.04816
3.01031
2.97698
2.94831
2.92438
2.90525
2.89091
2.88134
2.87646
2.87613
2.8802
2.88843
2.90057
2.91629
2.93525
2.95701
2.98113
3.00709
3.03433
3.06226
3.09024
3.11759
3.14363
3.16765
3.18897
3.20694
3.22098
3.23063
3.23554
4.61031
4.61469
4.62324
4.63559
4.65122
4.66949
4.68971
4.71115
4.73308
4.75479
4.77559
4.79487
4.81205
4.8266
4.83805
4.846
4.8501
4.85004
4.8456
4.83658
4.82284
4.80431
4.78094
4.75275
4.7198
4.68217
4.64002
4.59352
4.54289
4.48839
4.43028
4.3689
4.30457
4.23766
4.16855
4.09765
4.02536
3.95212
3.87835
3.8045
3.73101
3.65831
3.58684
3.51702
3.44925
3.38395
3.32148
3.2622
3.20645
3.15452
3.10671
3.06325
3.02435
2.99019
2.9609
2.93658
2.91729
2.90302
2.89376
2.88941
2.88986
2.89492
2.90437
2.91793
2.93529
2.95605
2.9798
3.00605
3.03426
3.06385
3.09418
3.12458
3.15433
3.18267
3.20886
3.23213
3.25177
3.26714
3.27771
3.28309
4.6522
4.65707
4.66657
4.68028
4.6976
4.71783
4.74019
4.76388
4.7881
4.81209
4.83512
4.85651
4.87566
4.89202
4.90509
4.91446
4.91976
4.92067
4.91696
4.90843
4.89494
4.87641
4.8528
4.82413
4.79046
4.75189
4.70858
4.66071
4.60852
4.55226
4.49224
4.42878
4.36225
4.293
4.22146
4.14804
4.07316
3.99729
3.92086
3.84435
3.76821
3.69289
3.61886
3.54654
3.47638
3.40878
3.34415
3.28285
3.22523
3.17162
3.12231
3.07755
3.03756
3.00253
2.9726
2.94787
2.92841
2.91423
2.90529
2.90151
2.90277
2.90888
2.91962
2.93469
2.95376
2.97645
3.0023
3.0308
3.06141
3.09351
3.12641
3.15942
3.19174
3.22258
3.25112
3.27652
3.29799
3.31482
3.3264
3.33231
4.69328
4.69869
4.70925
4.72447
4.74366
4.76604
4.79074
4.81688
4.84359
4.87004
4.89545
4.91911
4.94037
4.95866
4.97346
4.98434
4.99091
4.99286
4.98992
4.98192
4.96869
4.95017
4.92631
4.89714
4.86273
4.82318
4.77866
4.72936
4.67553
4.61745
4.55543
4.48981
4.42097
4.34929
4.27521
4.19915
4.12158
4.04296
3.96376
3.88447
3.80556
3.72751
3.6508
3.57588
3.50321
3.43323
3.36633
3.30292
3.24336
3.18799
3.13711
3.09099
3.04986
3.01392
2.98333
2.95818
2.93855
2.92445
2.91585
2.91268
2.91479
2.92201
2.9341
2.95077
2.97166
2.99637
3.02444
3.05535
3.08851
3.12328
3.15894
3.19473
3.22984
3.26338
3.29447
3.3222
3.34569
3.36412
3.37683
3.38332
4.73339
4.73942
4.75116
4.76805
4.78931
4.81406
4.84132
4.87013
4.89953
4.92862
4.9566
4.98268
5.0062
5.02655
5.04319
5.05567
5.06359
5.06663
5.06453
5.05708
5.04414
5.02563
5.00152
4.97184
4.93665
4.89608
4.85029
4.79951
4.74398
4.68399
4.61988
4.552
4.48075
4.40653
4.3298
4.251
4.17061
4.08912
4.00703
3.92483
3.84303
3.76214
3.68263
3.605
3.52971
3.45723
3.38797
3.32236
3.26077
3.20356
3.15104
3.1035
3.06119
3.0243
2.99301
2.96742
2.94762
2.93361
2.92538
2.92283
2.92585
2.93424
2.94775
2.96609
2.9889
3.01576
3.04619
3.07964
3.11551
3.15312
3.19173
3.23052
3.26862
3.3051
3.33897
3.36924
3.39494
3.41516
3.42911
3.43624
4.77237
4.77908
4.79214
4.8109
4.83446
4.86181
4.89188
4.92359
4.9559
4.98786
5.01858
5.04726
5.07319
5.09573
5.11432
5.1285
5.13786
5.14206
5.14083
5.13397
5.12134
5.10285
5.07848
5.04826
5.01226
4.97062
4.92352
4.87118
4.81387
4.7519
4.68561
4.61537
4.54161
4.46474
4.38523
4.30357
4.22024
4.13576
4.05065
3.96542
3.88061
3.79673
3.71431
3.63384
3.55583
3.48073
3.40901
3.3411
3.27739
3.21826
3.16403
3.11502
3.07146
3.03359
3.00157
2.97552
2.95554
2.94163
2.93377
2.93189
2.93586
2.94547
2.96048
2.98059
3.00542
3.03454
3.06746
3.10362
3.14237
3.18301
3.22476
3.26677
3.3081
3.34774
3.38465
3.41771
3.44585
3.46804
3.48338
3.49124
4.81002
4.8175
4.83205
4.8529
4.87901
4.90924
4.94238
4.97724
5.01271
5.04775
5.08142
5.11288
5.14137
5.16624
5.1869
5.20288
5.21375
5.21917
5.21887
5.21264
5.20033
5.18187
5.15723
5.12645
5.08962
5.04687
4.99839
4.94443
4.88526
4.82122
4.75265
4.67995
4.60356
4.52392
4.44153
4.35687
4.27048
4.18287
4.0946
4.00621
3.91825
3.83127
3.7458
3.66238
3.58151
3.50369
3.4294
3.35909
3.29317
3.23203
3.17602
3.12545
3.0806
3.0417
3.00892
2.98239
2.96222
2.94841
2.94096
2.93977
2.94473
2.95563
2.97222
2.99418
3.02114
3.05265
3.0882
3.12721
3.16902
3.21289
3.258
3.30346
3.34827
3.39135
3.43155
3.46768
3.49852
3.52289
3.5398
3.54846
4.84612
4.85449
4.87072
4.8939
4.92286
4.95626
4.99277
5.03107
5.06996
5.10831
5.14514
5.17956
5.21078
5.23812
5.26098
5.27886
5.29133
5.29804
5.29872
5.29315
5.28118
5.26275
5.23784
5.20648
5.16876
5.12485
5.07494
5.01929
4.95818
4.89197
4.82102
4.74576
4.66662
4.5841
4.49869
4.41091
4.32131
4.23044
4.13888
4.04719
3.95595
3.86572
3.77707
3.69056
3.60671
3.52606
3.44908
3.37626
3.30803
3.24479
3.18692
3.13474
3.08853
3.04855
3.01497
2.98795
2.96757
2.95387
2.94684
2.94638
2.95238
2.96463
2.98287
3.00679
3.03599
3.07001
3.10834
3.15037
3.19541
3.24271
3.29141
3.34056
3.38912
3.43592
3.47974
3.51923
3.55305
3.57988
3.59853
3.6081
4.88045
4.88982
4.90796
4.93378
4.96591
5.00282
5.04302
5.08507
5.12764
5.16956
5.20977
5.24735
5.28146
5.31142
5.3366
5.35649
5.37065
5.37872
5.38043
5.37555
5.36395
5.34556
5.32035
5.28838
5.24975
5.20463
5.15322
5.0958
5.03267
4.96419
4.89076
4.81281
4.73082
4.64528
4.55672
4.46568
4.37274
4.27847
4.18347
4.08833
3.99366
3.90005
3.80808
3.71834
3.63139
3.54776
3.46798
3.39254
3.3219
3.25647
3.19665
3.14278
3.09516
3.05405
3.01964
2.9921
2.97151
2.95792
2.95132
2.95163
2.95872
2.97238
2.99236
3.01832
3.04987
3.08654
3.12779
3.17301
3.22148
3.27243
3.32495
3.37806
3.43065
3.48149
3.52924
3.57244
3.60957
3.63914
3.65976
3.67037
4.91272
4.92325
4.94357
4.97237
5.00805
5.04885
5.0931
5.13922
5.18578
5.23153
5.27535
5.31628
5.35348
5.38621
5.41384
5.43584
5.45178
5.46128
5.46406
5.45992
5.4487
5.43034
5.40483
5.37223
5.33264
5.28625
5.23328
5.17401
5.10876
5.03792
4.9619
4.88115
4.79617
4.70748
4.61563
4.52119
4.42476
4.32693
4.22835
4.12961
4.03136
3.93422
3.83879
3.74568
3.65548
3.56876
3.48605
3.40787
3.33471
3.267
3.20514
3.14951
3.10041
3.05812
3.02284
2.99474
2.97393
2.96046
2.95431
2.95542
2.96364
2.97878
3.00057
3.02868
3.0627
3.10215
3.14648
3.19506
3.24716
3.30197
3.35857
3.41591
3.47284
3.52805
3.5801
3.62738
3.66821
3.70086
3.72373
3.73552
4.94263
4.9545
4.97732
5.00952
5.04917
5.09429
5.14298
5.19353
5.24439
5.29424
5.34192
5.38642
5.42688
5.46253
5.49274
5.51698
5.53478
5.54578
5.54969
5.54631
5.53549
5.51717
5.49135
5.45808
5.4175
5.36978
5.31517
5.25396
5.18651
5.1132
5.03447
4.9508
4.8627
4.77072
4.67544
4.57744
4.47737
4.37584
4.2735
4.17101
4.06903
3.96819
3.86915
3.77253
3.67894
3.58898
3.50322
3.42219
3.34639
3.27628
3.21231
3.15483
3.10418
3.06065
3.02446
2.99578
2.97474
2.96139
2.95571
2.95764
2.96706
2.98374
3.00743
3.03778
3.07439
3.11676
3.16433
3.21645
3.27238
3.33128
3.39221
3.45408
3.51568
3.57562
3.63236
3.68415
3.7291
3.76524
3.79067
3.80383
4.96983
4.98326
5.00899
5.04505
5.08918
5.13909
5.19266
5.248
5.3035
5.35775
5.40954
5.45783
5.50172
5.54046
5.57339
5.59996
5.61972
5.63229
5.63739
5.63481
5.62441
5.60612
5.57996
5.546
5.50437
5.45526
5.39894
5.33572
5.26595
5.19006
5.1085
5.02178
4.93043
4.83502
4.73615
4.63445
4.53057
4.42516
4.31892
4.21251
4.10663
4.00194
3.89913
3.79884
3.70171
3.60838
3.51942
3.4354
3.35685
3.28425
3.21805
3.15865
3.10638
3.06156
3.02441
2.99513
2.97383
2.9606
2.95541
2.9582
2.96885
2.98715
3.01282
3.04552
3.08483
3.13026
3.18123
3.23708
3.29705
3.36028
3.42581
3.49251
3.55912
3.62418
3.68605
3.74282
3.79239
3.83249
3.86087
3.87563
4.99389
5.00919
5.0383
5.0788
5.12798
5.18321
5.24211
5.30268
5.36316
5.4221
5.47826
5.53055
5.57809
5.62008
5.65586
5.68488
5.70669
5.7209
5.72724
5.72549
5.71551
5.69727
5.67075
5.63606
5.59333
5.54277
5.48466
5.41932
5.34715
5.26856
5.18405
5.09413
4.99938
4.90039
4.79778
4.69221
4.58435
4.47491
4.36458
4.25409
4.14413
4.03543
3.92867
3.82455
3.72374
3.62687
3.53458
3.44745
3.36602
3.29082
3.2223
3.16088
3.10692
3.06073
3.02258
2.99266
2.9711
2.95798
2.9533
2.95699
2.96892
2.98889
3.01663
3.05178
3.09393
3.14256
3.1971
3.25686
3.32108
3.38889
3.45929
3.53114
3.60312
3.67373
3.74119
3.80347
3.85823
3.90285
3.93466
3.95129
5.01435
5.03188
5.06497
5.1106
5.16548
5.22661
5.29137
5.35758
5.42342
5.48736
5.54815
5.60468
5.65605
5.70145
5.74023
5.77182
5.79576
5.81169
5.81931
5.81842
5.8089
5.79068
5.76379
5.72833
5.68445
5.63237
5.57239
5.50484
5.43014
5.34874
5.26114
5.16789
5.06959
4.96685
4.86034
4.75073
4.63873
4.52507
4.41048
4.29571
4.18151
4.06861
3.95774
3.84962
3.74495
3.64441
3.54863
3.45824
3.37382
3.29589
3.22494
3.16141
3.10568
3.05808
3.01887
2.98828
2.96644
2.95343
2.94926
2.95388
2.96715
2.98887
3.01876
3.05647
3.10157
3.15355
3.21182
3.27569
3.34439
3.41702
3.49258
3.5699
3.64764
3.72422
3.79779
3.86617
3.92676
3.97657
4.0124
4.03127
5.03062
5.05086
5.0887
5.14027
5.20162
5.2693
5.34046
5.41276
5.48433
5.55361
5.61929
5.6803
5.73569
5.78467
5.82658
5.86085
5.88702
5.90474
5.9137
5.91371
5.90463
5.88644
5.85916
5.82289
5.7778
5.72413
5.66218
5.59233
5.51499
5.43064
5.33982
5.2431
5.14109
5.03444
4.92385
4.81002
4.69369
4.57563
4.45659
4.33737
4.21873
4.10145
3.98629
3.874
3.76531
3.66091
3.5615
3.46771
3.38016
3.29938
3.2259
3.16016
3.10258
3.05348
3.01317
2.98186
2.95972
2.94682
2.94319
2.94876
2.96342
2.98695
3.01909
3.05946
3.10765
3.16313
3.2253
3.29347
3.36686
3.44457
3.52558
3.60871
3.69259
3.77561
3.85585
3.93097
3.99813
4.05394
4.09453
4.11611
5.042
5.06562
5.10918
5.16766
5.23634
5.31129
5.38943
5.46831
5.54599
5.62092
5.69178
5.75748
5.8171
5.86983
5.915
5.95207
5.98057
6.00014
6.01049
6.01143
6.00282
5.98464
5.95694
5.91981
5.87346
5.81812
5.75412
5.68185
5.60174
5.51432
5.42013
5.31978
5.2139
5.10317
4.98832
4.87009
4.74925
4.62658
4.5029
4.37902
4.25576
4.13392
4.01428
3.89763
3.78473
3.67632
3.57311
3.47577
3.38494
3.30119
3.22506
3.15701
3.09749
3.04683
3.00536
2.9733
2.95082
2.93804
2.93495
2.94152
2.95761
2.98303
3.01749
3.06064
3.11204
3.17116
3.23741
3.31008
3.38838
3.47143
3.55818
3.64746
3.73789
3.82783
3.91531
3.99788
4.07248
4.13524
4.18154
4.20649
5.04762
5.07555
5.12608
5.19266
5.26964
5.35264
5.43836
5.5243
5.6085
5.68939
5.7657
5.83634
5.90038
5.95703
6.00561
6.04558
6.0765
6.098
6.10979
6.11168
6.10355
6.08537
6.05721
6.01919
5.97151
5.91442
5.84827
5.77346
5.69047
5.59984
5.50213
5.39798
5.28806
5.17307
5.05378
4.93095
4.80539
4.67793
4.5494
4.42067
4.29257
4.16596
4.04165
3.92046
3.80317
3.69056
3.58338
3.48234
3.38808
3.30123
3.22232
3.15187
3.09031
3.03802
2.99531
2.96246
2.93964
2.92695
2.92442
2.93201
2.94959
2.97696
3.01384
3.05987
3.11461
3.17753
3.24803
3.3254
3.40884
3.49747
3.59027
3.68604
3.78343
3.88079
3.97612
4.06691
4.1499
4.22078
4.27402
4.30322
5.0464
5.07995
5.13909
5.2152
5.30157
5.39343
5.48737
5.58086
5.67196
5.75915
5.84118
5.91698
5.98564
6.04637
6.0985
6.14149
6.17491
6.19841
6.21169
6.21456
6.20691
6.18872
6.16008
6.12112
6.07204
6.01311
5.9447
5.86725
5.78124
5.68724
5.58586
5.47775
5.36361
5.24417
5.12024
4.99262
4.86213
4.72966
4.59607
4.46226
4.32913
4.19754
4.06836
3.94242
3.82055
3.70355
3.59223
3.48731
3.38949
3.29939
3.21758
3.1446
3.08092
3.02691
2.98292
2.94922
2.92602
2.91343
2.91147
2.92011
2.93923
2.96862
3.00801
3.05704
3.11524
3.18212
3.25704
3.3393
3.42811
3.52258
3.62171
3.72433
3.82908
3.93435
4.03816
4.13798
4.23045
4.31084
4.3726
4.40735
5.0369
5.07807
5.14798
5.23527
5.33225
5.43382
5.53661
5.63813
5.73651
5.83031
5.91831
5.99951
6.073
6.13797
6.19378
6.23989
6.27591
6.30148
6.3163
6.32018
6.31302
6.2948
6.26563
6.22568
6.17513
6.11427
6.04351
5.96328
5.87411
5.7766
5.67138
5.55913
5.44058
5.3165
5.18773
5.0551
4.91947
4.78177
4.64289
4.50379
4.3654
4.22863
4.09435
3.96346
3.8368
3.71522
3.59957
3.49061
3.38906
3.29557
3.21073
3.13511
3.0692
3.01339
2.96803
2.93345
2.90985
2.89734
2.89596
2.90569
2.9264
2.95786
2.99985
3.05199
3.1138
3.18478
3.2643
3.35165
3.44604
3.54661
3.65237
3.76216
3.87469
3.98837
4.10129
4.21098
4.3141
4.40563
4.47802
4.52025
5.01721
5.06909
5.15261
5.25302
5.36186
5.47399
5.58625
5.69627
5.8023
5.903
5.99725
6.08406
6.16258
6.23196
6.29158
6.34091
6.37962
6.40733
6.42373
6.42865
6.42197
6.4037
6.37397
6.33297
6.28089
6.218
6.14476
6.06164
5.96914
5.86797
5.75873
5.64217
5.51902
5.39008
5.25627
5.11841
4.97741
4.83425
4.68985
4.54522
4.40134
4.25916
4.11959
3.98352
3.85186
3.7255
3.60531
3.49214
3.38669
3.28968
3.20164
3.12326
3.05504
2.99734
2.95053
2.91501
2.89097
2.87854
2.87774
2.88859
2.91095
2.94455
2.98923
3.0446
3.11013
3.18539
3.26967
3.36231
3.46251
3.56942
3.68208
3.79939
3.92007
4.04264
4.1653
4.2857
4.40072
4.50528
4.59105
4.64378
4.98461
5.05227
5.15308
5.26873
5.39073
5.51419
5.63653
5.75549
5.86949
5.97738
6.07811
6.17075
6.2545
6.32846
6.39201
6.44465
6.48615
6.51608
6.53409
6.54009
6.5339
6.51552
6.4852
6.44311
6.38941
6.32439
6.24855
6.16241
6.06641
5.96142
5.84798
5.72693
5.59896
5.46494
5.32588
5.18257
5.03596
4.88711
4.73692
4.58653
4.43693
4.28911
4.144
4.00254
3.86566
3.73429
3.60935
3.49181
3.38226
3.28159
3.1902
3.10894
3.0383
2.97862
2.93027
2.89377
2.86925
2.8569
2.85667
2.86867
2.89274
2.92853
2.976
3.03473
3.10409
3.18379
3.273
3.37114
3.47735
3.59085
3.7107
3.83583
3.96504
4.09696
4.22992
4.36182
4.49
4.60969
4.7124
4.78054
4.93515
5.02722
5.1499
5.28291
5.41928
5.55474
5.68769
5.816
5.93825
6.05359
6.16105
6.25972
6.34893
6.42761
6.49522
6.55123
6.59561
6.62787
6.64751
6.65463
6.64892
6.63039
6.59942
6.55619
6.50081
6.43353
6.35496
6.2657
6.16598
6.05702
5.93919
5.81346
5.68047
5.54112
5.3966
5.24761
5.09511
4.94034
4.7841
4.62768
4.47212
4.31842
4.16755
4.02047
3.87813
3.74151
3.61159
3.48951
3.37567
3.27123
3.17628
3.092
3.01886
2.95711
2.90709
2.86956
2.84452
2.83226
2.83259
2.84576
2.87165
2.90963
2.95999
3.02224
3.09551
3.17986
3.27414
3.378
3.49041
3.61072
3.73803
3.87129
4.00937
4.15104
4.29485
4.43891
4.58145
4.71838
4.84243
4.93438
4.8627
4.99455
5.14417
5.29628
5.44809
5.59593
5.74005
5.87806
6.00877
6.13181
6.24622
6.35108
6.44602
6.52956
6.60137
6.66074
6.70814
6.74283
6.76409
6.77241
6.76717
6.74839
6.71674
6.67233
6.61522
6.54553
6.46407
6.37162
6.26788
6.15488
6.03239
5.90184
5.76359
5.61861
5.46847
5.31355
5.15485
4.99397
4.83136
4.66863
4.50687
4.34705
4.19017
4.03723
3.8892
3.74708
3.6119
3.48519
3.36674
3.25852
3.15971
3.07231
2.9966
2.9327
2.88081
2.84226
2.81663
2.8045
2.80532
2.81971
2.84757
2.88765
2.94104
3.00701
3.08418
3.17346
3.27291
3.38274
3.50152
3.62888
3.76389
3.90556
4.05283
4.20462
4.35974
4.51641
4.67432
4.83031
4.98052
5.11123
)
;

boundaryField
{
    scalarinlet
    {
        type            fixedValue;
        value           nonuniform List<scalar> 
80
(
4.81
4.976
5.141
5.303
5.463
5.617
5.767
5.91
6.045
6.172
6.29
6.398
6.496
6.582
6.656
6.717
6.766
6.802
6.824
6.833
6.828
6.809
6.777
6.732
6.674
6.603
6.52
6.426
6.32
6.205
6.08
5.947
5.806
5.658
5.505
5.347
5.185
5.021
4.855
4.689
4.524
4.361
4.201
4.045
3.894
3.749
3.611
3.482
3.361
3.251
3.15
3.061
2.984
2.919
2.866
2.827
2.801
2.789
2.79
2.805
2.834
2.875
2.93
2.998
3.077
3.169
3.271
3.384
3.506
3.637
3.776
3.922
4.074
4.231
4.392
4.555
4.721
4.887
5.052
5.216
)
;
    }
    walls
    {
        type            zeroGradient;
    }
    frontAndBack
    {
        type            empty;
    }
}


// ************************************************************************* //
