1.000000000000000000e+00 1.861283630132675171e-01
9.968251585960388184e-01 1.758315116167068481e-01
9.929152131080627441e-01 1.606812328100204468e-01
9.886941313743591309e-01 1.451692134141921997e-01
9.841051697731018066e-01 1.290722042322158813e-01
9.790772199630737305e-01 1.124270036816596985e-01
9.735217094421386719e-01 9.515727311372756958e-02
9.673318862915039062e-01 7.717849314212799072e-02
9.603902697563171387e-01 5.842239782214164734e-02
9.525989890098571777e-01 3.891704976558685303e-02
9.439545869827270508e-01 1.892727240920066833e-02
9.346317648887634277e-01 -9.838831610977649689e-04
9.250320792198181152e-01 -2.000065892934799194e-02
9.154302477836608887e-01 -3.777453303337097168e-02
9.058877229690551758e-01 -5.440197885036468506e-02
8.965691924095153809e-01 -6.980212032794952393e-02
8.874238133430480957e-01 -8.423103392124176025e-02
8.783876895904541016e-01 -9.789634495973587036e-02
8.694105148315429688e-01 -1.109560579061508179e-01
8.604519963264465332e-01 -1.235302239656448364e-01
8.514796495437622070e-01 -1.357119381427764893e-01
8.424675464630126953e-01 -1.475738286972045898e-01
8.333956599235534668e-01 -1.591722220182418823e-01
8.242501616477966309e-01 -1.705496311187744141e-01
8.150237798690795898e-01 -1.817361116409301758e-01
8.057168126106262207e-01 -1.927499026060104370e-01
7.963377833366394043e-01 -2.035963833332061768e-01
7.869024276733398438e-01 -2.142756432294845581e-01
7.774276137351989746e-01 -2.247908264398574829e-01
7.679283618927001953e-01 -2.351456880569458008e-01
7.584180235862731934e-01 -2.453461736440658569e-01
7.489076256752014160e-01 -2.554006874561309814e-01
7.394058704376220703e-01 -2.653203606605529785e-01
7.299191355705261230e-01 -2.751194536685943604e-01
7.204513549804687500e-01 -2.848159670829772949e-01
7.110042572021484375e-01 -2.944327294826507568e-01
7.015771269798278809e-01 -3.040021061897277832e-01
6.921672821044921875e-01 -3.135713934898376465e-01
6.827709674835205078e-01 -3.231268525123596191e-01
6.733848452568054199e-01 -3.326582610607147217e-01
6.640057563781738281e-01 -3.421639800071716309e-01
6.546310782432556152e-01 -3.516443073749542236e-01
6.452583670616149902e-01 -3.611005544662475586e-01
6.358857154846191406e-01 -3.705342113971710205e-01
6.265113949775695801e-01 -3.799463510513305664e-01
6.171340942382812500e-01 -3.893368542194366455e-01
6.077527999877929688e-01 -3.987037837505340576e-01
5.983669161796569824e-01 -4.080347120761871338e-01
5.889760851860046387e-01 -4.173248708248138428e-01
5.795803070068359375e-01 -4.266092777252197266e-01
5.701798796653747559e-01 -4.359110295772552490e-01
5.607755780220031738e-01 -4.452515542507171631e-01
5.513682961463928223e-01 -4.546526670455932617e-01
5.419593453407287598e-01 -4.641382992267608643e-01
5.325502157211303711e-01 -4.737362265586853027e-01
5.231429338455200195e-01 -4.834805727005004883e-01
5.137396454811096191e-01 -4.934176206588745117e-01
5.043429136276245117e-01 -5.036109685897827148e-01
4.949554502964019775e-01 -5.142190456390380859e-01
4.855802059173583984e-01 -5.252178311347961426e-01
4.762197434902191162e-01 -5.364691019058227539e-01
4.668762385845184326e-01 -5.479153990745544434e-01
4.575515091419219971e-01 -5.595122575759887695e-01
4.482469558715820312e-01 -5.712259411811828613e-01
4.389636218547821045e-01 -5.830288529396057129e-01
4.297021925449371338e-01 -5.948981642723083496e-01
4.204629957675933838e-01 -6.068144440650939941e-01
4.112460017204284668e-01 -6.187620162963867188e-01
4.020509123802185059e-01 -6.307289600372314453e-01
3.928770720958709717e-01 -6.427122950553894043e-01
3.837238848209381104e-01 -6.546926498413085938e-01
3.745909333229064941e-01 -6.666491031646728516e-01
3.654779493808746338e-01 -6.785657405853271484e-01
3.563848733901977539e-01 -6.904282569885253906e-01
3.473117351531982422e-01 -7.022238373756408691e-01
3.382588028907775879e-01 -7.139411568641662598e-01
3.292263746261596680e-01 -7.255705595016479492e-01
3.202149868011474609e-01 -7.371046543121337891e-01
3.112252652645111084e-01 -7.485393285751342773e-01
3.022579848766326904e-01 -7.598749399185180664e-01
2.933140695095062256e-01 -7.711322307586669922e-01
2.843944132328033447e-01 -7.822999954223632812e-01
2.754997014999389648e-01 -7.933515906333923340e-01
2.666302025318145752e-01 -8.042795062065124512e-01
2.577857077121734619e-01 -8.150835633277893066e-01
2.489656656980514526e-01 -8.257729411125183105e-01
2.401692122220993042e-01 -8.363702297210693359e-01
2.313960492610931396e-01 -8.468918800354003906e-01
2.226472496986389160e-01 -8.573679327964782715e-01
2.139253765344619751e-01 -8.678522706031799316e-01
2.052343189716339111e-01 -8.784289956092834473e-01
1.965793222188949585e-01 -8.893128037452697754e-01
1.879667788743972778e-01 -9.007822871208190918e-01
1.794034391641616821e-01 -9.125022888183593750e-01
1.708952188491821289e-01 -9.243505001068115234e-01
1.624471545219421387e-01 -9.363083839416503906e-01
1.540634483098983765e-01 -9.484311342239379883e-01
1.457474231719970703e-01 -9.610280990600585938e-01
1.375023722648620605e-01 -9.744479060173034668e-01
1.293348371982574463e-01 -9.881177544593811035e-01
1.212560012936592102e-01 -1.001858472824096680e+00
1.132809147238731384e-01 -1.015662193298339844e+00
1.054275035858154297e-01 -1.029696464538574219e+00
9.771538525819778442e-02 -1.044474005699157715e+00
9.016673266887664795e-02 -1.061268687248229980e+00
8.282317221164703369e-02 -1.079648971557617188e+00
7.575065642595291138e-02 -1.099663138389587402e+00
6.902138888835906982e-02 -1.124829173088073730e+00
6.269305944442749023e-02 -1.153493762016296387e+00
5.680065602064132690e-02 -1.179254055023193359e+00
5.135513842105865479e-02 -1.200501084327697754e+00
4.634495824575424194e-02 -1.216001033782958984e+00
4.175258800387382507e-02 -1.226457834243774414e+00
3.757670894265174866e-02 -1.235744357109069824e+00
3.381075710058212280e-02 -1.244068384170532227e+00
3.043302707374095917e-02 -1.253559112548828125e+00
2.740978635847568512e-02 -1.273714065551757812e+00
2.470166794955730438e-02 -1.340438604354858398e+00
2.226901426911354065e-02 -1.388790726661682129e+00
2.007498964667320251e-02 -1.454232335090637207e+00
1.809548586606979370e-02 -1.515549540519714355e+00
1.631522178649902344e-02 -1.559346914291381836e+00
1.471731998026371002e-02 -1.581456065177917480e+00
1.328181289136409760e-02 -1.583822846412658691e+00
1.198766473680734634e-02 -1.570964097976684570e+00
1.081487908959388733e-02 -1.548362135887145996e+00
9.748036041855812073e-03 -1.522154569625854492e+00
8.777772076427936554e-03 -1.495414137840270996e+00
7.894127629697322845e-03 -1.468801021575927734e+00
7.087452802807092667e-03 -1.442401647567749023e+00
6.349205970764160156e-03 -1.416043758392333984e+00
5.672100000083446503e-03 -1.389455199241638184e+00
5.050005856901407242e-03 -1.362318396568298340e+00
4.477792885154485703e-03 -1.334291338920593262e+00
3.951165825128555298e-03 -1.305014967918395996e+00
3.466521855443716049e-03 -1.274113297462463379e+00
3.020831616595387459e-03 -1.241192340850830078e+00
2.611542819067835808e-03 -1.205837726593017578e+00
2.236502710729837418e-03 -1.167613267898559570e+00
1.893895328976213932e-03 -1.126060843467712402e+00
1.582193537615239620e-03 -1.080701589584350586e+00
1.300118630751967430e-03 -1.031041026115417480e+00
1.046609948389232159e-03 -9.765766263008117676e-01
8.207997889257967472e-04 -9.168097972869873047e-01
6.219949573278427124e-04 -8.512639999389648438e-01
4.496616311371326447e-04 -7.795084714889526367e-01
3.034152032341808081e-04 -7.011887431144714355e-01
1.830128021538257599e-04 -6.160644292831420898e-01
8.834948675939813256e-05 -5.240513682365417480e-01
1.945723852259106934e-05 -4.252668619155883789e-01
-2.349285023228731006e-05 -3.200696706771850586e-01
-4.018522668047808111e-05 -2.090921700000762939e-01
-3.015090806002262980e-05 -9.320643544197082520e-02
7.244741937029175460e-06 2.735862694680690765e-02
7.242440187837928534e-05 1.509341299533843994e-01
1.649737969273701310e-04 2.710197567939758301e-01
2.844871778506785631e-04 3.843471109867095947e-01
4.307181516196578741e-04 4.889047145843505859e-01
6.035711267031729221e-04 5.834874510765075684e-01
8.030966273508965969e-04 6.675030589103698730e-01
1.029490027576684952e-03 7.408064603805541992e-01
1.283093472011387348e-03 8.036144375801086426e-01
1.564401900395750999e-03 8.563438653945922852e-01
1.874071080237627029e-03 8.996253609657287598e-01
2.212931634858250618e-03 9.341018795967102051e-01
2.582004992291331291e-03 9.605481624603271484e-01
2.982527716085314751e-03 9.796454906463623047e-01
3.415979212149977684e-03 9.921362400054931641e-01
3.884118748828768730e-03 9.986530542373657227e-01
4.389033187180757523e-03 9.998189210891723633e-01
4.933194257318973541e-03 9.961717724800109863e-01
5.519535392522811890e-03 9.882023930549621582e-01
6.151544861495494843e-03 9.763122797012329102e-01
6.833386607468128204e-03 9.608755111694335938e-01
7.570051122456789017e-03 9.421537518501281738e-01
8.367542177438735962e-03 9.204009175300598145e-01
9.233098477125167847e-03 8.957567811012268066e-01
1.017543580383062363e-02 8.683503866195678711e-01
1.120493374764919281e-02 8.382313847541809082e-01
1.233358122408390045e-02 8.054555654525756836e-01
1.357412524521350861e-02 7.701234817504882812e-01
1.493799127638339996e-02 7.326408028602600098e-01
1.644177176058292389e-02 6.940549015998840332e-01
1.810839585959911346e-02 6.557941436767578125e-01
1.996063068509101868e-02 6.196644902229309082e-01
2.201731689274311066e-02 5.875783562660217285e-01
2.429078146815299988e-02 5.606956481933593750e-01
2.679214812815189362e-02 5.376693606376647949e-01
2.954966388642787933e-02 5.108814835548400879e-01
3.260480239987373352e-02 4.811614155769348145e-01
3.600254654884338379e-02 4.503342211246490479e-01
3.979086503386497498e-02 4.188732802867889404e-01
4.401639103889465332e-02 3.872738778591156006e-01
4.871749505400657654e-02 3.561756908893585205e-01
5.391684547066688538e-02 3.267827630043029785e-01
5.962794646620750427e-02 3.007495999336242676e-01
6.585845351219177246e-02 2.783948183059692383e-01
7.258410006761550903e-02 2.597536444664001465e-01
7.975356280803680420e-02 2.432115972042083740e-01
8.730670064687728882e-02 2.267228960990905762e-01
9.517186880111694336e-02 2.117653638124465942e-01
1.032791882753372192e-01 1.985201984643936157e-01
1.115811467170715332e-01 1.866768449544906616e-01
1.200503557920455933e-01 1.764307916164398193e-01
1.286618709564208984e-01 1.677671372890472412e-01
1.373925209045410156e-01 1.605309247970581055e-01
1.462226957082748413e-01 1.544951647520065308e-01
1.551379561424255371e-01 1.492107361555099487e-01
1.641294956207275391e-01 1.442903727293014526e-01
1.731906235218048096e-01 1.399740427732467651e-01
1.823145151138305664e-01 1.362660229206085205e-01
1.914943158626556396e-01 1.331133693456649780e-01
2.007231563329696655e-01 1.304163187742233276e-01
2.099942564964294434e-01 1.279702484607696533e-01
2.193018794059753418e-01 1.258170604705810547e-01
2.286422252655029297e-01 1.240071207284927368e-01
2.380135804414749146e-01 1.225348636507987976e-01
2.474164962768554688e-01 1.213862821459770203e-01
2.568538188934326172e-01 1.205664798617362976e-01
2.663298845291137695e-01 1.200284585356712341e-01
2.758476734161376953e-01 1.196773722767829895e-01
2.854076623916625977e-01 1.194293051958084106e-01
2.950078248977661133e-01 1.191865876317024231e-01
3.046433627605438232e-01 1.187356784939765930e-01
3.143070936203002930e-01 1.179514229297637939e-01
3.239915072917938232e-01 1.169523820281028748e-01
3.336897790431976318e-01 1.154506951570510864e-01
3.433959186077117920e-01 1.133984401822090149e-01
3.531048595905303955e-01 1.205086186528205872e-01
3.628124296665191650e-01 1.180872246623039246e-01
3.725153803825378418e-01 1.152847707271575928e-01
3.822114169597625732e-01 1.131484806537628174e-01
3.918991684913635254e-01 1.115771085023880005e-01
4.015781879425048828e-01 1.102791354060173035e-01
4.112489521503448486e-01 1.091002300381660461e-01
4.209122955799102783e-01 1.080144345760345459e-01
4.305692017078399658e-01 1.070102751255035400e-01
4.402208030223846436e-01 1.060858219861984253e-01
4.498683810234069824e-01 1.052438616752624512e-01
4.595133066177368164e-01 1.044898256659507751e-01
4.691570997238159180e-01 1.038313731551170349e-01
4.788013994693756104e-01 1.032789349555969238e-01
4.884479939937591553e-01 1.028475239872932434e-01
4.980987906455993652e-01 1.025633811950683594e-01
5.077558755874633789e-01 1.024907380342483521e-01
5.174211859703063965e-01 1.025801450014114380e-01
5.270963311195373535e-01 1.027868911623954773e-01
5.367822647094726562e-01 1.030897274613380432e-01
5.464796423912048340e-01 1.034712046384811401e-01
5.561885833740234375e-01 1.039164513349533081e-01
5.659084916114807129e-01 1.044115647673606873e-01
5.756385922431945801e-01 1.049425303936004639e-01
5.853772759437561035e-01 1.054937690496444702e-01
5.951225757598876953e-01 1.060470417141914368e-01
6.048719882965087891e-01 1.065618768334388733e-01
6.146227717399597168e-01 1.070400699973106384e-01
6.243728399276733398e-01 1.075077950954437256e-01
6.341210007667541504e-01 1.079715564846992493e-01
6.438668966293334961e-01 1.084354519844055176e-01
6.536111831665039062e-01 1.089013740420341492e-01
6.633552312850952148e-01 1.093699187040328979e-01
6.731014251708984375e-01 1.098405942320823669e-01
6.828529238700866699e-01 1.103114858269691467e-01
6.926138401031494141e-01 1.107792109251022339e-01
7.023880481719970703e-01 1.112307384610176086e-01
7.121533751487731934e-01 1.116613298654556274e-01
7.218953967094421387e-01 1.120914891362190247e-01
7.316133975982666016e-01 1.125307008624076843e-01
7.413094043731689453e-01 1.129866391420364380e-01
7.509882450103759766e-01 1.134660243988037109e-01
7.606572508811950684e-01 1.139753237366676331e-01
7.703263759613037109e-01 1.145211830735206604e-01
7.800083160400390625e-01 1.151108518242835999e-01
7.897185683250427246e-01 1.157525256276130676e-01
7.994739413261413574e-01 1.164563745260238647e-01
8.092082142829895020e-01 1.172277554869651794e-01
8.188596367835998535e-01 1.180652156472206116e-01
8.284233808517456055e-01 1.189730465412139893e-01
8.379044532775878906e-01 1.199579685926437378e-01
8.473162651062011719e-01 1.210290640592575073e-01
8.566799163818359375e-01 1.221982613205909729e-01
8.660236001014709473e-01 1.234812140464782715e-01
8.753833174705505371e-01 1.248984709382057190e-01
8.848042488098144531e-01 1.264771521091461182e-01
8.943430781364440918e-01 1.282541304826736450e-01
9.040479063987731934e-01 1.302667856216430664e-01
9.136312603950500488e-01 1.325105577707290649e-01
9.230391979217529297e-01 1.350489556789398193e-01
9.324507117271423340e-01 1.380155980587005615e-01
9.420741200447082520e-01 1.416322886943817139e-01
9.511712193489074707e-01 1.457806974649429321e-01
9.593273401260375977e-01 1.503030806779861450e-01
9.665452241897583008e-01 1.551307439804077148e-01
9.729421138763427734e-01 1.602739244699478149e-01
9.786552190780639648e-01 1.657945215702056885e-01
9.838061332702636719e-01 1.717718243598937988e-01
9.884935617446899414e-01 1.783874034881591797e-01
9.927957057952880859e-01 1.852618157863616943e-01
9.967738389968872070e-01 1.946336477994918823e-01
1.000000000000000000e+00 1.861283630132675171e-01
