1.000000000000000000e+00 2.389259636402130127e-01
9.968563914299011230e-01 2.152126580476760864e-01
9.925525188446044922e-01 1.924315840005874634e-01
9.873797297477722168e-01 1.676896065473556519e-01
9.812576770782470703e-01 1.411705166101455688e-01
9.742484688758850098e-01 1.136438846588134766e-01
9.665352702140808105e-01 8.634479343891143799e-02
9.583519697189331055e-01 6.023192778229713440e-02
9.498785734176635742e-01 3.579533100128173828e-02
9.412444829940795898e-01 1.288326736539602280e-02
9.325278401374816895e-01 -8.440148085355758667e-03
9.237611293792724609e-01 -2.831769920885562897e-02
9.149607419967651367e-01 -4.698785766959190369e-02
9.061414599418640137e-01 -6.471233814954757690e-02
8.973104357719421387e-01 -8.152078092098236084e-02
8.884651064872741699e-01 -9.754172712564468384e-02
8.796088695526123047e-01 -1.130297854542732239e-01
8.707491755485534668e-01 -1.280181854963302612e-01
8.618854880332946777e-01 -1.424847394227981567e-01
8.530148267745971680e-01 -1.565592437982559204e-01
8.441393375396728516e-01 -1.703674644231796265e-01
8.352636098861694336e-01 -1.839372962713241577e-01
8.263916373252868652e-01 -1.973053663969039917e-01
8.175247907638549805e-01 -2.104306370019912720e-01
8.086611032485961914e-01 -2.232728302478790283e-01
7.997985482215881348e-01 -2.358840256929397583e-01
7.909384369850158691e-01 -2.483263015747070312e-01
7.820832133293151855e-01 -2.605811059474945068e-01
7.732316255569458008e-01 -2.725903987884521484e-01
7.643800377845764160e-01 -2.843717336654663086e-01
7.555278539657592773e-01 -2.960191071033477783e-01
7.466784715652465820e-01 -3.075868487358093262e-01
7.378345131874084473e-01 -3.190086185932159424e-01
7.289949059486389160e-01 -3.302191197872161865e-01
7.201567888259887695e-01 -3.412430584430694580e-01
7.113185524940490723e-01 -3.521279394626617432e-01
7.024804353713989258e-01 -3.629026114940643311e-01
6.936436295509338379e-01 -3.735876381397247314e-01
6.848099231719970703e-01 -3.842231035232543945e-01
6.759808659553527832e-01 -3.947970569133758545e-01
6.671571135520935059e-01 -4.052838385105133057e-01
6.583380699157714844e-01 -4.156768620014190674e-01
6.495238542556762695e-01 -4.259982705116271973e-01
6.407166123390197754e-01 -4.363022744655609131e-01
6.319195628166198730e-01 -4.465743303298950195e-01
6.231350302696228027e-01 -4.567307531833648682e-01
6.143634915351867676e-01 -4.667244553565979004e-01
6.056045889854431152e-01 -4.765074551105499268e-01
5.968585014343261719e-01 -4.860317707061767578e-01
5.881260037422180176e-01 -4.952428638935089111e-01
5.794065594673156738e-01 -5.040588974952697754e-01
5.706971287727355957e-01 -5.123378634452819824e-01
5.619924664497375488e-01 -5.199896097183227539e-01
5.532876849174499512e-01 -5.271155834197998047e-01
5.445790290832519531e-01 -5.336980223655700684e-01
5.358639359474182129e-01 -5.397686362266540527e-01
5.271409749984741211e-01 -5.454141497611999512e-01
5.184093117713928223e-01 -5.506690144538879395e-01
5.096685290336608887e-01 -5.555717945098876953e-01
5.009179115295410156e-01 -5.601531267166137695e-01
4.921562969684600830e-01 -5.644204616546630859e-01
4.833826422691345215e-01 -5.684393644332885742e-01
4.745967090129852295e-01 -5.722767710685729980e-01
4.657991528511047363e-01 -5.759913921356201172e-01
4.569908380508422852e-01 -5.796099901199340820e-01
4.481722414493560791e-01 -5.831711888313293457e-01
4.393435120582580566e-01 -5.867199897766113281e-01
4.305055141448974609e-01 -5.903038382530212402e-01
4.216601550579071045e-01 -5.940199494361877441e-01
4.128101468086242676e-01 -5.978896617889404297e-01
4.039582312107086182e-01 -6.018869280815124512e-01
3.951068222522735596e-01 -6.060579419136047363e-01
3.862577676773071289e-01 -6.103594303131103516e-01
3.774120509624481201e-01 -6.147494912147521973e-01
3.685697317123413086e-01 -6.192120313644409180e-01
3.597308397293090820e-01 -6.237528324127197266e-01
3.508958518505096436e-01 -6.283904314041137695e-01
3.420656323432922363e-01 -6.331292390823364258e-01
3.332407474517822266e-01 -6.379523873329162598e-01
3.244213461875915527e-01 -6.428520083427429199e-01
3.156071901321411133e-01 -6.478486061096191406e-01
3.067978620529174805e-01 -6.529684662818908691e-01
2.979930043220520020e-01 -6.582464575767517090e-01
2.891936302185058594e-01 -6.637508869171142578e-01
2.804030179977416992e-01 -6.696285605430603027e-01
2.716253399848937988e-01 -6.758486032485961914e-01
2.628633081912994385e-01 -6.823182702064514160e-01
2.541176378726959229e-01 -6.890168786048889160e-01
2.453881055116653442e-01 -6.959454417228698730e-01
2.366743385791778564e-01 -7.031115889549255371e-01
2.279765903949737549e-01 -7.105688452720642090e-01
2.192972749471664429e-01 -7.184504270553588867e-01
2.106405943632125854e-01 -7.268348336219787598e-01
2.020096629858016968e-01 -7.356413602828979492e-01
1.934054940938949585e-01 -7.448972463607788086e-01
1.848299652338027954e-01 -7.546705007553100586e-01
1.762883216142654419e-01 -7.651814818382263184e-01
1.677866429090499878e-01 -7.763368487358093262e-01
1.593271344900131226e-01 -7.879983782768249512e-01
1.509097218513488770e-01 -8.002486228942871094e-01
1.425375044345855713e-01 -8.133860230445861816e-01
1.342173814773559570e-01 -8.275840282440185547e-01
1.259578764438629150e-01 -8.430354595184326172e-01
1.177689209580421448e-01 -8.599550127983093262e-01
1.096640676259994507e-01 -8.786419034004211426e-01
1.016607582569122314e-01 -8.993061780929565430e-01
9.377918392419815063e-02 -9.221334457397460938e-01
8.604446798563003540e-02 -9.473628997802734375e-01
7.849238067865371704e-02 -9.756984710693359375e-01
7.117158174514770508e-02 -1.007220149040222168e+00
6.414346396923065186e-02 -1.042596101760864258e+00
5.748280510306358337e-02 -1.081706643104553223e+00
5.126932635903358459e-02 -1.124966382980346680e+00
4.557848349213600159e-02 -1.172525405883789062e+00
4.045909270644187927e-02 -1.223936796188354492e+00
3.592478111386299133e-02 -1.279096603393554688e+00
3.194867819547653198e-02 -1.336691141128540039e+00
2.847868017852306366e-02 -1.394551396369934082e+00
2.544861659407615662e-02 -1.453818440437316895e+00
2.279431745409965515e-02 -1.510726094245910645e+00
2.045721746981143951e-02 -1.568090915679931641e+00
1.838728040456771851e-02 -1.623995780944824219e+00
1.654376275837421417e-02 -1.673288226127624512e+00
1.489243097603321075e-02 -1.721216917037963867e+00
1.340498216450214386e-02 -1.828323602676391602e+00
1.205886993557214737e-02 -1.878981471061706543e+00
1.083507947623729706e-02 -1.924668073654174805e+00
9.717517532408237457e-03 -1.972407341003417969e+00
8.692961186170578003e-03 -2.022859334945678711e+00
7.751924451440572739e-03 -2.071505308151245117e+00
6.886825431138277054e-03 -2.115341186523437500e+00
6.090990267693996429e-03 -2.153931140899658203e+00
5.358439870178699493e-03 -2.189414978027343750e+00
4.684256389737129211e-03 -2.224937677383422852e+00
4.065074026584625244e-03 -2.253292798995971680e+00
3.497406374663114548e-03 -2.270763635635375977e+00
2.977725351229310036e-03 -2.275868177413940430e+00
2.502718707546591759e-03 -2.269173383712768555e+00
2.069645095616579056e-03 -2.255393505096435547e+00
1.677997759543359280e-03 -2.229178190231323242e+00
1.328407088294625282e-03 -2.184030771255493164e+00
1.021448522806167603e-03 -2.116308212280273438e+00
7.573574548587203026e-04 -2.023332357406616211e+00
5.358561757020652294e-04 -1.901821613311767578e+00
3.557779709808528423e-04 -1.756147027015686035e+00
2.148513449355959892e-04 -1.597827553749084473e+00
1.106483396142721176e-04 -1.430108189582824707e+00
4.121652818867005408e-05 -1.254144906997680664e+00
5.422974027169402689e-06 -1.069313645362854004e+00
3.181116653649951331e-06 -8.699268698692321777e-01
3.454489342402666807e-05 -6.605124473571777344e-01
9.948541992343962193e-05 -4.541014432907104492e-01
1.990097662201151252e-04 -2.549047172069549561e-01
3.349848266225308180e-04 -6.581925600767135620e-02
5.098138935863971710e-04 1.112217158079147339e-01
7.258590776473283768e-04 2.756518721580505371e-01
9.844624437391757965e-04 4.244339466094970703e-01
1.285984297282993793e-03 5.542349815368652344e-01
1.630240469239652157e-03 6.642743349075317383e-01
2.016665879637002945e-03 7.550516724586486816e-01
2.444578101858496666e-03 8.277994990348815918e-01
2.914169337600469589e-03 8.846020102500915527e-01
3.428030526265501976e-03 9.279959797859191895e-01
3.989491146057844162e-03 9.597950577735900879e-01
4.602123051881790161e-03 9.814371466636657715e-01
5.269504617899656296e-03 9.943203330039978027e-01
5.995007231831550598e-03 9.996814727783203125e-01
6.783393211662769318e-03 9.986463785171508789e-01
7.640660274773836136e-03 9.921234250068664551e-01
8.573500439524650574e-03 9.809528589248657227e-01
9.589499793946743011e-03 9.658221602439880371e-01
1.069794129580259323e-02 9.472512006759643555e-01
1.191179268062114716e-02 9.256472587585449219e-01
1.324694231152534485e-02 9.014939665794372559e-01
1.472204364836215973e-02 8.750854730606079102e-01
1.635884866118431091e-02 8.464261293411254883e-01
1.818423159420490265e-02 8.157260417938232422e-01
2.023047581315040588e-02 7.833734154701232910e-01
2.253563329577445984e-02 7.493515014648437500e-01
2.514611929655075073e-02 7.136192321777343750e-01
2.811575680971145630e-02 6.767103075981140137e-01
3.150141239166259766e-02 6.385111808776855469e-01
3.535979613661766052e-02 5.994330644607543945e-01
3.973567485809326172e-02 5.600955486297607422e-01
4.465605691075325012e-02 5.209059119224548340e-01
5.011892691254615784e-02 4.827638566493988037e-01
5.609397962689399719e-02 4.461458623409271240e-01
6.252567470073699951e-02 4.115386605262756348e-01
6.934726983308792114e-02 3.791529238224029541e-01
7.649072259664535522e-02 3.490467369556427002e-01
8.389730751514434814e-02 3.212282657623291016e-01
9.151791036128997803e-02 2.954335808753967285e-01
9.931271523237228394e-02 2.715275287628173828e-01
1.072468757629394531e-01 2.491242289543151855e-01
1.152922809123992920e-01 2.282380163669586182e-01
1.234286502003669739e-01 2.086810022592544556e-01
1.316432058811187744e-01 1.904588490724563599e-01
1.399290561676025391e-01 1.734416931867599487e-01
1.482794284820556641e-01 1.574183851480484009e-01
1.566845774650573730e-01 1.421596705913543701e-01
1.651354581117630005e-01 1.276618093252182007e-01
1.736259162425994873e-01 1.138034090399742126e-01
1.821509599685668945e-01 1.005591154098510742e-01
1.907051205635070801e-01 8.781929314136505127e-02
1.992842406034469604e-01 7.558637112379074097e-02
2.078876346349716187e-01 6.385774910449981689e-02
2.165158092975616455e-01 5.254348367452621460e-02
2.251648604869842529e-01 4.144490882754325867e-02
2.338265627622604370e-01 3.044263459742069244e-02
2.424944639205932617e-01 1.962832175195217133e-02
2.511664032936096191e-01 8.977117016911506653e-03
2.598403990268707275e-01 -1.554375630803406239e-03
2.685097455978393555e-01 -1.214943174272775650e-02
2.771644294261932373e-01 -2.282301150262355804e-02
2.857960760593414307e-01 -3.340360522270202637e-02
2.943996787071228027e-01 -4.389125853776931763e-02
3.029721081256866455e-01 -5.413705855607986450e-02
3.115103840827941895e-01 -6.404435634613037109e-02
3.200120329856872559e-01 -7.351606339216232300e-02
3.284776210784912109e-01 -8.238241076469421387e-02
3.369114696979522705e-01 -9.040258824825286865e-02
3.453200459480285645e-01 -9.753537178039550781e-02
3.537083864212036133e-01 -1.038118526339530945e-01
3.620794117450714111e-01 -1.091339066624641418e-01
3.704357147216796875e-01 -1.135018765926361084e-01
3.787814080715179443e-01 -1.168551295995712280e-01
3.871225714683532715e-01 -1.190448999404907227e-01
3.954652845859527588e-01 -1.202036216855049133e-01
4.038142561912536621e-01 -1.203550845384597778e-01
4.121728539466857910e-01 -1.194745376706123352e-01
4.205441176891326904e-01 -1.176636368036270142e-01
4.289315342903137207e-01 -1.149245202541351318e-01
4.373390078544616699e-01 -1.112653017044067383e-01
4.457701742649078369e-01 -1.068194061517715454e-01
4.542279839515686035e-01 -1.016409993171691895e-01
4.627146720886230469e-01 -9.580762684345245361e-02
4.712323248386383057e-01 -8.946757763624191284e-02
4.797827601432800293e-01 -8.278474956750869751e-02
4.883677661418914795e-01 -7.617396861314773560e-02
4.969893395900726318e-01 -7.087884843349456787e-02
5.056496858596801758e-01 -5.847148969769477844e-02
5.143505930900573730e-01 -3.838314488530158997e-02
5.230919122695922852e-01 -3.184241801500320435e-02
5.318709611892700195e-01 -2.527884393930435181e-02
5.406841039657592773e-01 -1.774239912629127502e-02
5.495293736457824707e-01 -9.469655342400074005e-03
5.584067106246948242e-01 -7.995992782525718212e-04
5.673162937164306641e-01 8.083011955022811890e-03
5.762569904327392578e-01 1.703755743801593781e-02
5.852265954017639160e-01 2.598226442933082581e-02
5.942229628562927246e-01 3.493275865912437439e-02
6.032450795173645020e-01 4.386804997920989990e-02
6.122925877571105957e-01 5.278287827968597412e-02
6.213653683662414551e-01 6.167574971914291382e-02
6.304631829261779785e-01 7.053548842668533325e-02
6.395844817161560059e-01 7.936836034059524536e-02
6.487244963645935059e-01 8.818722516298294067e-02
6.578756570816040039e-01 9.698142856359481812e-02
6.670280694961547852e-01 1.057045385241508484e-01
6.761698126792907715e-01 1.143218055367469788e-01
6.852903366088867188e-01 1.228183880448341370e-01
6.943841576576232910e-01 1.311904191970825195e-01
7.034503221511840820e-01 1.394332945346832275e-01
7.124889492988586426e-01 1.475355774164199829e-01
7.214992046356201172e-01 1.555008590221405029e-01
7.304800152778625488e-01 1.632957607507705688e-01
7.394310235977172852e-01 1.708884537220001221e-01
7.483528852462768555e-01 1.782535910606384277e-01
7.572480440139770508e-01 1.853549927473068237e-01
7.661205530166625977e-01 1.921436935663223267e-01
7.749743461608886719e-01 1.986867189407348633e-01
7.838112115859985352e-01 2.050267606973648071e-01
7.926309108734130859e-01 2.111954391002655029e-01
8.014311194419860840e-01 2.172483950853347778e-01
8.102080821990966797e-01 2.232006043195724487e-01
8.189587593078613281e-01 2.290142774581909180e-01
8.276811242103576660e-01 2.346847355365753174e-01
8.363729715347290039e-01 2.401863038539886475e-01
8.450310230255126953e-01 2.455172836780548096e-01
8.536529541015625000e-01 2.506185173988342285e-01
8.622385263442993164e-01 2.554570138454437256e-01
8.707856535911560059e-01 2.600421011447906494e-01
8.792878389358520508e-01 2.644006013870239258e-01
8.877397775650024414e-01 2.683866322040557861e-01
8.961415290832519531e-01 2.718997597694396973e-01
9.044913649559020996e-01 2.749353647232055664e-01
9.127832651138305664e-01 2.774370014667510986e-01
9.210130572319030762e-01 2.792311608791351318e-01
9.291763305664062500e-01 2.802756726741790771e-01
9.372583627700805664e-01 2.805718481540679932e-01
9.452340602874755859e-01 2.799205482006072998e-01
9.530707001686096191e-01 2.779458463191986084e-01
9.607256650924682617e-01 2.741561830043792725e-01
9.681252837181091309e-01 2.683320641517639160e-01
9.751510024070739746e-01 2.602837085723876953e-01
9.816470146179199219e-01 2.501953840255737305e-01
9.874607324600219727e-01 2.384046316146850586e-01
9.925096631050109863e-01 2.255991697311401367e-01
9.968091845512390137e-01 2.107955217361450195e-01
1.000000000000000000e+00 2.389259636402130127e-01
